# Body pose sequence format version 1.0 defined by cnoid-Robotics

type: PoseSeq
name: ""
targetBody: "RHPS1"
refs:
  -
    time: 0
    refer:
      type: Pose
      name: ""
      joints: [
        0, 1, 2, 3, 4, 5, 6, 7, 8, 9,
        10, 11, 12, 13, 14, 15, 16, 17, 18, 19,
        20, 21, 22, 24, 25, 26, 27, 28, 29, 30 ]
      q: [
        0, 0, -0.296705973, 0.628318531, 0, -0.331612558, 0, 0, 0, 0,
        -0.296705973, 0.628318531, 0, -0.331612558, 0, 0, 0.261799388, 0.261799388, -0.0872664626, -0.523598776,
        0, 0.785398163, 0, 0.261799388, -0.261799388, 0.0872664626, -0.523598776, 0, -0.785398163, 0 ]
      ikLinks:
        -
          name: WAIST
          index: 0
          isBaseLink: true
          translation: [ 0, 0, 0.843 ]
          rotation: [
            1, 0, 0,
            0, 1, 0,
            0, 0, 1 ]
        -
          name: R_ANKLE_P
          index: 28
          translation: [ -0.0119507219, -0.08, 0.103343601 ]
          rotation: [
            1, 0, -1.66533454e-16,
            0, 1, 0,
            1.66533454e-16, 0, 1 ]
          isTouching: true
          partingDirection: [ 0, 0, 1 ]
        -
          name: L_ANKLE_P
          index: 34
          translation: [ -0.0119507219, 0.08, 0.103343601 ]
          rotation: [
            1, 0, -1.66533454e-16,
            0, 1, 0,
            1.66533454e-16, 0, 1 ]
          isTouching: true
          partingDirection: [ 0, 0, 1 ]
  -
    time: 1
    maxTransitionTime: 1
    refer:
      type: Pose
      name: ""
      joints: [
        0, 1, 2, 3, 4, 5, 6, 7, 8, 9,
        10, 11, 12, 13, 14, 15, 16, 17, 18, 19,
        20, 21, 22, 24, 25, 26, 27, 28, 29, 30 ]
      q: [
        0, 0, -0.296705973, 0.628318531, 0, -0.331612558, 0, 0, 0, 0,
        -0.296705973, 0.628318531, 0, -0.331612558, 0, 0, 0.261799388, 0.261799388, -0.0872664626, -0.523598776,
        0, 0.785398163, 0, 0.261799388, -0.261799388, 0.0872664626, -0.523598776, 0, -0.785398163, 0 ]
      ikLinks:
        -
          name: WAIST
          index: 0
          isBaseLink: true
          translation: [ 0, 0, 0.843 ]
          rotation: [
            1, -0, 0,
            0, 1, -0,
            0, 0, 1 ]
        -
          name: R_ANKLE_P
          index: 28
          translation: [ -0.0119507219, -0.08, 0.103343601 ]
          rotation: [
            1, 0, -1.66533454e-16,
            0, 1, 0,
            1.66533454e-16, 0, 1 ]
          isTouching: true
          partingDirection: [ 0, 0, 1 ]
        -
          name: L_ANKLE_P
          index: 34
          translation: [ -0.0119507219, 0.08, 0.103343601 ]
          rotation: [
            1, 0, -1.66533454e-16,
            0, 1, 0,
            1.66533454e-16, 0, 1 ]
          isTouching: true
          partingDirection: [ 0, 0, 1 ]
  -
    time: 2
    maxTransitionTime: 1
    refer:
      type: Pose
      name: ""
      joints: [
        0, 1, 2, 3, 4, 5, 6, 7, 8, 9,
        10, 11, 12, 13, 14, 15, 16, 17, 18, 19,
        20, 21, 22, 24, 25, 26, 27, 28, 29, 30 ]
      q: [
        -1.45824468e-14, 1.78285893e-14, -0.232653946, 0.612382188, -1.3957773e-15, -0.379728242, 0, -0.135747695, 1.4585431e-14, -1.78399329e-14,
        -0.232653946, 0.612382188, 1.40627204e-15, -0.379728242, 0, 0, -0.162897339, 0.670335762, -0.674860702, -1.15191731,
        -0.395608022, 0.266320838, 0, -2.71603827, -0.464128252, 0.0872664626, -0.174532925, 0, 0.0400767739, 0 ]
      ikLinks:
        -
          name: WAIST
          index: 0
          isBaseLink: true
          translation: [ 0.0384879088, 0, 0.842999999 ]
          rotation: [
            1, -1.40650767e-14, 7.31636973e-14,
            1.40650767e-14, 1, 1.65322396e-14,
            -7.31636973e-14, -1.65322396e-14, 1 ]
        -
          name: R_ANKLE_P
          index: 28
          translation: [ -0.0119507219, -0.08, 0.103343601 ]
          rotation: [
            1, -2.81292475e-14, -4.99600361e-16,
            2.81292475e-14, 1, 3.30660757e-14,
            4.99600361e-16, -3.30660757e-14, 1 ]
          isTouching: true
          partingDirection: [ 0, 0, 1 ]
        -
          name: L_ANKLE_P
          index: 34
          translation: [ -0.0119507219, 0.08, 0.103343601 ]
          rotation: [
            1, 0, -1.11022302e-16,
            0, 1, 0,
            1.11022302e-16, 0, 1 ]
          isTouching: true
          partingDirection: [ 0, 0, 1 ]
  -
    time: 2.2
    maxTransitionTime: 0.2
    refer:
      type: Pose
      name: ""
      joints: [
        6, 7, 14, 15, 16, 17, 18, 19, 20, 21,
        22 ]
      q: [
        0, 0, 0.488135954, 0, -0.907571211, 0.261799388, -0.0872664626, -1.93731547, 0, 0.266320838,
        -1.4777153 ]
      ikLinks:
        -
          name: WAIST
          index: 0
          translation: [ 0.0384879088, 0, 0.842999999 ]
          rotation: [
            0.978639199, -0.205585305, 7.3246964e-14,
            0.205585305, 0.978639199, 1.65322396e-14,
            -7.50811358e-14, -1.12059831e-15, 1 ]
  -
    time: 2.6
    maxTransitionTime: 0.4
    refer:
      type: Pose
      name: ""
      joints: [
        6, 7, 14, 15, 24, 25, 26, 27, 28, 29,
        30 ]
      q: [
        0, 0, 0.488135954, 0, -0.954113383, 0.113342031, 1.01382075, -1.3705355, 0.814487042, -0.785398163,
        0 ]
  -
    time: 2.94
    maxTransitionTime: 0.34
    refer:
      type: Pose
      name: ""
      joints: [
        6, 7, 14, 15, 16, 17, 18, 19, 20, 21,
        22 ]
      q: [
        0, 0, 0.488135954, -0.236588979, -1.63963595, 0.814255263, -0.20943951, -1.72725008, -1.65224508, 0.266320838,
        0 ]
  -
    time: 3.3
    maxTransitionTime: 0.36
    refer:
      type: Pose
      name: ""
      joints: [
        6, 7, 24, 25, 26, 27, 28, 29, 30 ]
      q: [
        0, 0, -2.1176661, 0.398193553, 1.01382075, -0.593411946, 0, -0.785398163, 0 ]
  -
    time: 3.64
    maxTransitionTime: 0.34
    refer:
      type: Pose
      name: ""
      joints: [
        6, 7, 8, 9, 10, 11, 12, 13, 14, 15,
        16, 17, 18, 19, 20, 21, 22, 24, 25, 26,
        27, 28, 29, 30 ]
      q: [
        0, 0, 0.153331083, -0.257869414, -0.387036255, 0.989063088, 0.309703705, -0.579480565, 0.0232709985, 0,
        -1.63963595, 0.814255263, -0.0872664626, -1.30899694, -1.69878708, 0.267618839, 0, -0.581776359, -0.257920917, 0.442150019,
        -1.71042267, 1.55916074, -0.738211965, 0 ]
      ikLinks:
        -
          name: WAIST
          index: 0
          isBaseLink: true
          translation: [ -5.32675359e-10, 5.15174351e-08, 0.799268162 ]
          rotation: [
            0.999792531, -0.0203689641, 5.166664e-10,
            0.0203689641, 0.999792531, -2.81136198e-08,
            5.60861232e-11, 2.81183111e-08, 1 ]
        -
          name: R_ANKLE_P
          index: 28
          translation: [ -0.0375691827, -0.25, 0.135021759 ]
          rotation: [
            0.999999973, -0.000233580219, -1.53820138e-07,
            0.000233580219, 0.999999973, 1.03643026e-07,
            1.53795925e-07, -1.03678952e-07, 1 ]
  -
    time: 3.97
    maxTransitionTime: 0.67
    refer:
      type: Pose
      name: ""
      joints: [
        6, 7, 8, 9, 10, 11, 12, 13, 14, 15,
        16, 17, 18, 19, 20, 21, 22, 24, 25, 26,
        27, 28, 29, 30 ]
      q: [
        0, 0, -0.117460519, -0.664930394, -0.466284108, 0.750096668, 0.609068233, -0.244709176, -1.21408157, 0.131421198,
        -2.1442616, 1.06936044, -1.54586308, -0.5444593, -2.0445286, 0.266320838, 0, -0.112646692, -0.975576395, 1.01382075,
        0, -0.548532026, -0.785398163, 0 ]
      ikLinks:
        -
          name: WAIST
          index: 0
          isBaseLink: true
          translation: [ -1.43191198e-09, 0.1, 0.72 ]
          rotation: [
            1, 2.61870217e-06, 4.15925144e-06,
            -2.29189048e-06, 0.997052752, -0.0767190281,
            -4.34789738e-06, 0.0767190281, 0.997052752 ]
        -
          name: R_ANKLE_P
          index: 28
          translation: [ 0.0123737158, -0.35, 0.103626734 ]
          rotation: [
            0.961600989, 0.274450355, -0.000735510469,
            -0.274450216, 0.961601267, 0.000285395253,
            0.000785594628, -7.25753504e-05, 0.999999689 ]
          isTouching: true
          partingDirection: [ 0, 0, 1 ]
  -
    time: 4.291
    maxTransitionTime: 0.233646299
    refer:
      type: Pose
      name: ""
      joints: [
        0, 1, 2, 3, 4, 5, 8, 9, 10, 11,
        12, 13 ]
      q: [
        -0.0366366376, -0.284421775, -0.59287875, 1.19337175, 0.213834599, -0.5882066, -0.299657887, -0.688276274, -0.403376935, 0.646186932,
        0.60155199, -0.228980333 ]
      ikLinks:
        -
          name: R_ANKLE_P
          index: 28
          translation: [ -0.0117126104, -0.35, 0.103633112 ]
          rotation: [
            0.961678743, 0.274177709, -0.00076061991,
            -0.274177396, 0.961679008, 0.000491545236,
            0.000866242947, -0.000264163819, 0.99999959 ]
          isTouching: true
          partingDirection: [ 0, 0, 1 ]
        -
          name: L_ANKLE_P
          index: 34
          translation: [ -0.0119507226, 0.0799999843, 0.10334365 ]
          rotation: [
            0.999999967, -0.000167456804, 0.000194294308,
            0.000167502029, 0.999999959, -0.000232774983,
            -0.00019425532, 0.00023280752, 0.999999954 ]
          isTouching: true
          partingDirection: [ 0, 0, 1 ]
  -
    time: 4.511
    maxTransitionTime: 0.47
    refer:
      type: Pose
      name: ""
      joints: [
        6, 7, 8, 9, 10, 11, 12, 13, 14, 15,
        16, 17, 18, 19, 20, 21, 22, 24, 25, 26,
        27, 28, 29, 30 ]
      q: [
        0, 0, -0.103769005, -0.39267616, -0.468210721, 1.11227258, 0.497530488, -0.548793347, -0.441605182, 0.131421198,
        -1.0534979, 0.636331997, -1.15124186, -1.96041385, 0.174211807, 0.266320838, 0, -0.820447567, -0.347319781, 0.955514891,
        -0.11994331, -1.38814537, 0.103959765, 0 ]
      ikLinks:
        -
          name: WAIST
          index: 0
          isBaseLink: true
          translation: [ 0.0170460911, 0.03, 0.760908317 ]
          rotation: [
            0.908553189, -0.415766194, -0.0408604267,
            0.416654815, 0.908924254, 0.0159832699,
            0.0304937296, -0.0315463444, 0.999037017 ]
        -
          name: R_ANKLE_P
          index: 28
          translation: [ 0.0991675106, -0.29056916, 0.151027916 ]
          rotation: [
            0.999374804, -0.035342065, -0.000969433565,
            0.0353430862, 0.999374679, 0.00105733374,
            0.000931459, -0.00109093547, 0.999998971 ]
  -
    time: 4.7
    maxTransitionTime: 0.26
    refer:
      type: Pose
      name: ""
      joints: [
        6, 7, 8, 9, 10, 11, 12, 13, 14, 15,
        16, 17, 18, 19, 20, 21, 22, 24, 25, 26,
        27, 28, 29, 30 ]
      q: [
        0, 0, -0.544572036, -0.0937950775, -0.177066226, 0.872733, 0.202641215, -0.532553421, -0.741274669, 0.131421198,
        -1.09373972, 0.0142211173, -1.46607657, -1.88495559, 0.488692191, 0.266320838, 0, -2.25729244, -0.614097413, 0.576547004,
        -0.15001995, -0.29415657, -0.106551478, 0 ]
      ikLinks:
        -
          name: WAIST
          index: 0
          isBaseLink: true
          translation: [ 0.127839814, 1.73472348e-17, 0.785 ]
          rotation: [
            0.738802131, -0.653551801, -0.164442865,
            0.668259236, 0.742016508, 0.053301932,
            0.0871837465, -0.149270044, 0.984945404 ]
        -
          name: R_ANKLE_P
          index: 28
          translation: [ 0.140464875, -0.185024729, 0.103737642 ]
          rotation: [
            0.998228547, -0.0594875005, -0.00100221532,
            0.0594883837, 0.998228614, 0.000875725826,
            0.000948345269, -0.000933794688, 0.999999114 ]
          isTouching: true
          partingDirection: [ 0, 0, 1 ]
  -
    time: 4.9
    maxTransitionTime: 0.192994688
    refer:
      type: Pose
      name: ""
      joints: [
        8, 9, 10, 11, 12, 13 ]
      q: [
        -0.524591409, -0.0363355961, -0.205205661, 0.756516681, 0.118802758, -0.421043812 ]
      ikLinks:
        -
          name: R_ANKLE_P
          index: 28
          translation: [ 0.140464747, -0.185024733, 0.103737677 ]
          rotation: [
            0.998297497, -0.0583223564, -0.000780540624,
            0.0583229775, 0.998297447, 0.000798203878,
            0.000732658582, -0.000842368387, 0.999999377 ]
          isTouching: true
          partingDirection: [ 0, 0, 1 ]
  -
    time: 5.1
    maxTransitionTime: 0.4
    refer:
      type: Pose
      name: ""
      joints: [
        6, 7, 8, 9, 10, 11, 12, 13, 14, 15,
        16, 17, 18, 19, 20, 21, 22, 24, 25, 26,
        27, 28, 29, 30 ]
      q: [
        0, 0, -0.31680057, -0.126463621, -0.429594142, 0.997764741, 0.210847019, -0.493119309, -0.466251009, 0.14235333,
        -0.442150019, 0.539112833, -1.32723554, -2.07694181, -0.0698131701, 0.348418595, 0, -0.954113383, -0.707828052, 1.65224508,
        -1.03494106, -1.27990806, -0.150885634, 0 ]
      ikLinks:
        -
          name: WAIST
          index: 0
          isBaseLink: true
          translation: [ 0.0639199071, -0.03, 0.813726086 ]
          rotation: [
            0.900262258, -0.429264728, -0.0725235099,
            0.433198486, 0.89983347, 0.0513692347,
            0.043208081, -0.0776628579, 0.996042942 ]
        -
          name: R_ANKLE_P
          index: 28
          translation: [ 0.114466825, -0.221458143, 0.143885509 ]
          rotation: [
            0.999822612, -0.0188124095, -0.000915461906,
            0.018813366, 0.999822464, 0.00104770114,
            0.000895589596, -0.00106473821, 0.999999032 ]
  -
    time: 5.3
    maxTransitionTime: 0.4
    refer:
      type: Pose
      name: ""
      joints: [
        6, 7, 8, 9, 10, 11, 12, 13, 14, 15,
        16, 17, 18, 19, 20, 21, 22, 24, 25, 26,
        27, 28, 29, 30 ]
      q: [
        0, 0, -0.0563267456, -0.266634711, -0.647819652, 1.12060092, 0.302622277, -0.455659417, -0.191227349, 0.153285461,
        0.255981682, 1.49516545, -1.18839451, 0, 1.32645023, 0.430516352, 0, -0.34906585, -0.276666975, -0.767944871,
        -1.91986218, -1.3729924, -0.195219789, 0 ]
      ikLinks:
        -
          name: WAIST
          index: 0
          isBaseLink: true
          translation: [ 4.68375339e-17, -0.03, 0.823898838 ]
          rotation: [
            0.986959405, -0.160969354, -1.25210823e-13,
            0.160967102, 0.986945596, 0.0052898248,
            -0.000851499682, -0.00522084234, 0.999986009 ]
        -
          name: R_ANKLE_P
          index: 28
          translation: [ 0.0827260315, -0.265939357, 0.18403338 ]
          rotation: [
            0.999525686, 0.0307798715, -0.00100164275,
            -0.0307789989, 0.999525831, 0.000875257042,
            0.0010281081, -0.000844012334, 0.999999115 ]
  -
    time: 5.555
    maxTransitionTime: 0.228857703
    refer:
      type: Pose
      name: ""
      joints: [
        6, 7, 8, 9, 10, 11, 12, 13, 14, 15,
        16, 17, 18, 19, 20, 21, 22, 24, 25, 26,
        27, 28, 29, 30 ]
      q: [
        0, 0.0711058538, 0.0455781317, -0.0448957164, -0.246327365, 0.753782682, 0.0581306554, -0.425644224, 0.0232702257, 0.321915599,
        0.116433568, 1.32654417, -1.18839277, -0.0759627453, 1.32645023, 0.611513151, 0, -0.628164289, -0.23917482, 0.627548313,
        -1.93055926, -0.582214778, 0.854561082, 0 ]
      ikLinks:
        -
          name: WAIST
          index: 0
          isBaseLink: true
          translation: [ 0.0141031131, -0.124892069, 0.825103616 ]
          rotation: [
            0.953402823, 0.291903551, -0.0762586039,
            -0.290547818, 0.95643434, 0.0285537788,
            0.0812712969, -0.0050664824, 0.996679139 ]
        -
          name: R_ANKLE_P
          index: 28
          translation: [ -0.0460522256, -0.229268861, 0.103 ]
          rotation: [
            0.96148102, 0.274871283, 0.000157737329,
            -0.274871329, 0.961480862, 0.00055175434,
            6.66133815e-16, -0.000573858795, 0.999999835 ]
          isTouching: true
          partingDirection: [ 0, 0, 1 ]
  -
    time: 5.9
    maxTransitionTime: 0.453419961
    refer:
      type: Pose
      name: ""
      joints: [
        0, 1, 2, 3, 4, 5, 6, 7, 8, 9,
        10, 11, 12, 13, 14, 15, 16, 17, 18, 19,
        20, 21, 22, 24, 25, 26, 27, 28, 29, 30 ]
      q: [
        0.195499393, 0.206603425, -0.155969264, 0.659822675, -0.202985486, -0.41642797, 0, 0.0708355067, 0.043853769, -0.0450307941,
        -0.245462357, 0.751617476, 0.0580931399, -0.42464392, 0.0152893684, 0.321274461, 0.11262038, 1.32354289, -1.18839277, -0.0807072611,
        1.32082014, 0.610200127, 0, -0.629704702, -0.25198482, 0.632515235, -1.9283057, -0.573994463, 0.850907214, 0 ]
      ikLinks:
        -
          name: WAIST
          index: 0
          isBaseLink: true
          translation: [ 0.0140494925, -0.124876055, 0.825099035 ]
          rotation: [
            0.95393101, 0.290238063, -0.0760098342,
            -0.288896429, 0.956941059, 0.0283312964,
            0.0809597518, -0.00506713252, 0.996704491 ]
        -
          name: R_ANKLE_P
          index: 28
          translation: [ -0.0460521771, -0.229268888, 0.102710402 ]
          rotation: [
            0.9615069, 0.274780744, 0.000155833313,
            -0.274780788, 0.961506745, 0.000545288507,
            3.88578059e-16, -0.000567118662, 0.999999839 ]
          isTouching: true
          partingDirection: [ 0, 0, 1 ]
        -
          name: L_ANKLE_P
          index: 34
          translation: [ -0.0119219659, 0.0799256319, 0.103319252 ]
          rotation: [
            0.999999969, 0.00018628549, -0.000168126445,
            -0.000186255194, 0.999999966, 0.000180197074,
            0.000168160008, -0.000180165754, 0.99999997 ]
          isTouching: true
          partingDirection: [ 0, 0, 1 ]
  -
    time: 6.07
    maxTransitionTime: 0.17
    refer:
      type: Pose
      name: ""
      joints: [
        14, 15 ]
      q: [
        0.302523679, -0.430514432 ]
  -
    time: 6.24
    maxTransitionTime: 0.17
    refer:
      type: Pose
      name: ""
      joints: [
        14, 15 ]
      q: [
        0.20943951, 0.47705643 ]
  -
    time: 6.74
    maxTransitionTime: 0.5
    refer:
      type: Pose
      name: ""
      joints: [
        8, 9, 10, 11, 12, 13, 14, 15, 16, 17,
        18, 19, 20, 21, 22, 24, 25, 26, 27, 28,
        29, 30 ]
      q: [
        -0.00655036258, -0.0198194577, -0.850627072, 0.975891803, 0.0208052896, -0.418757359, 0.0528241802, -0.0736916407, -0.535234362, 1.06400437,
        -0.628318531, -0.506145483, -0.302523679, 0.683912678, 0, -1.88495559, 0.0982555792, 1.05781421, -0.366519143, -0.116355342,
        -0.340017714, 0 ]
      ikLinks:
        -
          name: R_ANKLE_P
          index: 28
          translation: [ -0.0233425617, -0.135079881, 0.137470965 ]
          rotation: [
            0.996158381, 0.0875696312, -0.000198471364,
            -0.0875684482, 0.996152659, 0.00341285036,
            0.000496569824, -0.00338235966, 0.999994157 ]
  -
    time: 7.24
    maxTransitionTime: 1.34
    refer:
      type: Pose
      name: ""
      joints: [
        6, 7, 8, 9, 10, 11, 12, 13, 14, 15,
        16, 17, 18, 19, 20, 21, 22, 24, 25, 26,
        27, 28, 29, 30 ]
      q: [
        0, -0.0711059355, -0.00533238925, -0.0189729853, -0.934055372, 0.69564706, 0.0198565532, -0.226387457, -0.0608050022, -0.476305763,
        -0.162897339, 1.26114106, -1.18839277, -0.0760062964, 1.11475872, 0.266320838, 0, -0.162897339, -1.26114106, 1.47958874,
        -0.10640871, -0.749928535, -0.167778326, 0 ]
      ikLinks:
        -
          name: WAIST
          index: 0
          isBaseLink: true
          translation: [ -0.0707761371, 0.000508753061, 0.823906285 ]
          rotation: [
            0.894221001, -3.99462585e-10, 0.447625738,
            8.79002074e-09, 1, -1.6667403e-08,
            -0.447625738, 1.88389813e-08, 0.894221001 ]
        -
          name: R_ANKLE_P
          index: 28
          translation: [ -0.012947837, -0.0921854625, 0.103 ]
          rotation: [
            0.999999534, 0.000719533296, -0.000643692782,
            -0.000719533147, 0.999999741, 4.63158509e-07,
            0.000643692948, -1.04083409e-17, 0.999999793 ]
          isTouching: true
          partingDirection: [ 0, 0, 1 ]
  -
    time: 7.8
    maxTransitionTime: 0.56
    refer:
      type: Pose
      name: ""
      joints: [
        6, 7, 14, 15, 16, 17, 18, 19, 20, 21,
        22, 24, 25, 26, 27, 28, 29, 30 ]
      q: [
        0, -0.355529852, -0.0608050022, -0.110802311, 0.127023704, 0.635469917, -1.18839277, -0.0760062964, 1.11475872, 0.266320838,
        0, -1.00065538, -0.929903403, -0.0232709985, -1.71042267, -0.293048924, 0.104657638, 0 ]
      ikLinks:
        -
          name: WAIST
          index: 0
          isBaseLink: true
          translation: [ 0.0513787735, 0.000508731032, 0.8531533 ]
          rotation: [
            0.993341409, -3.7145707e-07, 0.115207839,
            4.88228668e-07, 1, -9.85355548e-07,
            -0.115207839, 1.03504224e-06, 0.993341409 ]
  -
    time: 8.07
    maxTransitionTime: 0.83
    refer:
      type: Pose
      name: ""
      joints: [
        6, 7, 14, 15, 16, 17, 18, 19, 20, 21,
        22, 24, 25, 26, 27, 28, 29, 30 ]
      q: [
        0, 0.00563025763, -0.0608050022, 0.0101340798, 0.222951675, 0.428450232, -1.18839277, -0.0760062964, 1.11475872, 0.266320838,
        0, -1.15529539, -0.820304748, 1.03368539, -1.8089493, -0.141878338, 0.194800212, 0 ]
      ikLinks:
        -
          name: WAIST
          index: 0
          isBaseLink: true
          translation: [ -0.0707761178, 0.000508753147, 0.823906351 ]
          rotation: [
            0.999999994, 0, 0.000106155448,
            0, 1, 0,
            -0.000106155448, 0, 0.999999994 ]
  -
    time: 8.37
    maxTransitionTime: 0.3
    refer:
      type: Pose
      name: ""
      joints: [
        6, 7, 14, 15, 16, 17, 18, 19, 20, 21,
        22, 24, 25, 26, 27, 28, 29, 30 ]
      q: [
        0, -0.0844512465, -0.0608050022, 0.0101340798, 0.222951675, 0.428450232, -1.18839277, -0.0760062964, 1.11475872, 0.266320838,
        0, -2.7362258, -0.836631955, 1.23635651, -0.273622597, -1.47958874, 0.194800212, 0 ]
  -
    time: 9.04
    maxTransitionTime: 0.67
    refer:
      type: Pose
      name: ""
      joints: [
        6, 7, 14, 15, 16, 17, 18, 19, 20, 21,
        22, 24, 25, 26, 27, 28, 29, 30 ]
      q: [
        0, -0.0844512465, -0.0608050022, 0.0101340798, -2.65515246, 0.967250127, -1.18839277, -0.0760062964, 1.11475872, 0.266320838,
        0, -2.7362258, -0.836631955, 1.23635651, -0.273622597, -1.47958874, 0.194800212, 0 ]
      ikLinks:
        -
          name: WAIST
          index: 0
          isBaseLink: true
          translation: [ 0.0202931861, 0.000508753147, 0.823896684 ]
          rotation: [
            0.999999994, 8.11855788e-06, 0.000105844547,
            0, 0.997071268, -0.0764780142,
            -0.000106155448, 0.0764780138, 0.997071262 ]
  -
    time: 9.4
    maxTransitionTime: 0.36
    refer:
      type: Pose
      name: ""
      joints: [
        6, 7, 14, 15, 16, 17, 18, 19, 20, 21,
        22, 24, 25, 26, 27, 28, 29, 30 ]
      q: [
        0, -0.355529852, -0.488692191, 0.0101340798, -2.65515246, 0.265177473, -1.18839277, -1.17049669, 1.11475872, 0.266320838,
        0, -2.7362258, -1.35910482, 1.23635651, -0.0912075906, -1.47958874, 0.194800212, 0 ]
      ikLinks:
        -
          name: WAIST
          index: 0
          isBaseLink: true
          translation: [ -0.00762118813, -0.00944118454, 0.824574524 ]
          rotation: [
            0.902117839, -0.336123551, 0.270563048,
            0.287056322, 0.935661205, 0.205272446,
            -0.322152252, -0.107513102, 0.940563055 ]
  -
    time: 9.87
    maxTransitionTime: 0.47
    refer:
      type: Pose
      name: ""
      joints: [
        6, 7, 14, 15, 16, 17, 18, 19, 20, 21,
        22, 24, 25, 26, 27, 28, 29, 30 ]
      q: [
        0, -0.355529852, 0.302523679, 0.0116355865, -2.7362258, 1.35910482, -1.23635651, -0.0912075906, 1.47958874, -0.194800212,
        0, -2.65515246, -0.265177473, 1.18839277, -1.17049669, -1.11475872, -0.266320838, 0 ]
      ikLinks:
        -
          name: WAIST
          index: 0
          isBaseLink: true
          translation: [ -0.00607006264, 0.000785993866, 0.8265666 ]
          rotation: [
            0.901893662, 0.336171886, 0.27124949,
            -0.288633702, 0.936194861, -0.200573598,
            -0.321369584, 0.102604312, 0.941378747 ]
  -
    time: 10.24
    maxTransitionTime: 0.37
    refer:
      type: Pose
      name: ""
      joints: [
        6, 7, 14, 15, 16, 17, 18, 19, 20, 21,
        22, 24, 25, 26, 27, 28, 29, 30 ]
      q: [
        0, -0.355529852, -0.488692191, 0.0101340798, -2.65515246, 0.265177473, -1.18839277, -1.17049669, 1.11475872, 0.266320838,
        0, -2.7362258, -1.35910482, 1.23635651, -0.0912075906, -1.47958874, 0.194800212, 0 ]
      ikLinks:
        -
          name: WAIST
          index: 0
          isBaseLink: true
          translation: [ -0.00762118813, -0.00944118454, 0.824574524 ]
          rotation: [
            0.902117839, -0.336123551, 0.270563048,
            0.287056322, 0.935661205, 0.205272446,
            -0.322152252, -0.107513102, 0.940563055 ]
  -
    time: 10.54
    maxTransitionTime: 0.3
    refer:
      type: Pose
      name: ""
      joints: [
        6, 7, 14, 15, 16, 17, 18, 19, 20, 21,
        22, 24, 25, 26, 27, 28, 29, 30 ]
      q: [
        0, -0.0844512465, -0.0608050022, 0.0101340798, -2.7362258, 1.35910482, -1.23635651, -0.0912075906, 1.47958874, -0.194800212,
        0, -2.65515246, -0.265177473, 1.18839277, -1.17049669, -1.11475872, -0.266320838, 0 ]
      ikLinks:
        -
          name: WAIST
          index: 0
          isBaseLink: true
          translation: [ 0.021276044, -0.00955597503, 0.825865109 ]
          rotation: [
            0.999999748, 0.000590430016, -0.000394673708,
            -0.000629957066, 0.99403307, -0.109077311,
            0.000327916199, 0.109077532, 0.994033191 ]
  -
    time: 10.7
    maxTransitionTime: 0.16
    refer:
      type: Pose
      name: ""
      joints: [
        6, 7, 14, 15, 16, 17, 18, 19, 20, 21,
        22, 24, 25, 26, 27, 28, 29, 30 ]
      q: [
        0, -0.0844512465, -0.0608050022, -0.0304024138, -0.993146973, 1.35910482, -1.23635651, -1.2617041, -0.42563519, -0.194800212,
        0, -1.43905207, -0.738668369, 0.749928535, -1.35291169, -1.2769054, -0.0574283137, 1.12489542 ]
      ikLinks:
        -
          name: WAIST
          index: 0
          isBaseLink: true
          translation: [ 0.021276044, -0.00955597503, 0.825865109 ]
          rotation: [
            0.999999748, 0.000590430015, -0.000394673708,
            -0.000629957066, 0.99403307, -0.109077311,
            0.000327916199, 0.109077532, 0.994033191 ]
  -
    time: 10.94
    maxTransitionTime: 0.24
    refer:
      type: Pose
      name: ""
      joints: [
        6, 7, 14, 15, 16, 17, 18, 19, 20, 21,
        22, 24, 25, 26, 27, 28, 29, 30 ]
      q: [
        0, -0.0844512465, -0.138169878, 0.314159091, -0.877101158, 1.23446139, -2.08738197, -2.07403563, -0.42563519, -0.194800212,
        0.996075201, -0.781450453, -0.317996812, -0.0624028318, -1.84611286, 0.850629367, -0.523767391, -0.112945764 ]
      ikLinks:
        -
          name: WAIST
          index: 0
          isBaseLink: true
          translation: [ 0.0169512823, 0.0197770393, 0.783220306 ]
          rotation: [
            0.984658817, -0.174490273, -0.000398694977,
            0.173407883, 0.978799877, -0.108997741,
            0.0194092882, 0.10725645, 0.994041917 ]
  -
    time: 11.24
    maxTransitionTime: 0.3
    refer:
      type: Pose
      name: ""
      joints: [
        6, 7, 14, 15, 16, 17, 18, 19, 20, 21,
        22, 24, 25, 26, 27, 28, 29, 30 ]
      q: [
        0, -0.148676047, -0.0548587822, 0.0426635264, -0.875446344, 1.23268398, -2.0995176, -2.08561949, -0.42563519, -0.194800212,
        1.01027924, -0.772073048, -0.210896811, -0.0739866845, -1.85314592, 0.673728579, -0.614484459, -0.130597391 ]
      ikLinks:
        -
          name: WAIST
          index: 0
          isBaseLink: true
          translation: [ 0.0160261395, -0.00242746665, 0.804237112 ]
          rotation: [
            0.993643818, -0.0790510842, 0.0801429251,
            0.0813801699, 0.996338205, -0.0262192506,
            -0.077776798, 0.0325746412, 0.996438489 ]
  -
    time: 11.77
    maxTransitionTime: 0.83
    refer:
      type: Pose
      name: ""
      joints: [
        6, 7, 14, 15, 16, 17, 18, 19, 20, 21,
        22, 24, 25, 26, 27, 28, 29, 30 ]
      q: [
        0, -0.0844512465, 0.141878338, 0.138500254, -0.87153854, 1.22848665, -2.1281756, -2.11297448, -0.42563519, -0.194800212,
        1.04382174, -0.749928535, 0.0420172309, -0.10134167, -1.8697543, 0.255981682, -0.828710603, -0.172281276 ]
      ikLinks:
        -
          name: WAIST
          index: 0
          isBaseLink: true
          translation: [ 0.0142726708, -0.02, 0.785472628 ]
          rotation: [
            0.989161109, 0.142205261, 0.0365782025,
            -0.145968893, 0.979337362, 0.139969332,
            -0.015918025, -0.143791499, 0.989479975 ]
  -
    time: 12.04
    maxTransitionTime: 0.27
    refer:
      type: Pose
      name: ""
      joints: [
        6, 7, 8, 9, 10, 11, 12, 13, 14, 15,
        24, 25, 26, 27, 28, 29, 30 ]
      q: [
        0, -0.0844512465, -0.17345998, -0.104061778, -0.456721231, 1.11453823, 0.198758618, -0.654962116, -0.250185021, 0.154058294,
        -0.936625414, -0.895289329, 1.55916074, -1.7297317, 0.641821841, 0.474470375, -0.172281276 ]
      ikLinks:
        -
          name: WAIST
          index: 0
          isBaseLink: true
          translation: [ 0.0175068449, -0.0303717068, 0.782205438 ]
          rotation: [
            0.956931979, -0.290309824, -0.00118072558,
            0.289871802, 0.955248404, 0.0589476449,
            -0.0159851942, -0.0567511455, 0.998260377 ]
        -
          name: R_ANKLE_P
          index: 28
          translation: [ -0.0117495597, -0.215660782, 0.132271957 ]
          rotation: [
            0.999999019, 3.65218112e-05, -0.00140013374,
            -2.89878113e-05, 0.999985524, 0.00538055718,
            0.00140030998, -0.00538051132, 0.999984544 ]
  -
    time: 12.34
    maxTransitionTime: 0.57
    refer:
      type: Pose
      name: ""
      joints: [
        6, 7, 8, 9, 10, 11, 12, 13, 14, 15,
        16, 17, 18, 19, 20, 21, 22, 24, 25, 26,
        27, 28, 29, 30 ]
      q: [
        0, -0.0844512465, -0.604187355, -0.408067894, -0.164582493, 0.673707518, 0.432517916, -0.509463224, -0.709391867, 0.172280752,
        -0.87153854, 1.09786847, -2.33085912, -2.11297448, -0.42563519, -0.194800212, 1.04382174, -1.15529539, 0.289949803, -0.0608050022,
        -1.56572929, 1.09373972, -0.30381819, -0.172281276 ]
      ikLinks:
        -
          name: WAIST
          index: 0
          isBaseLink: true
          translation: [ 0.0212948931, -0.0043451194, 0.77837872 ]
          rotation: [
            0.689237692, -0.723187515, 0.0441726338,
            0.724357202, 0.68913817, -0.0198802957,
            -0.0160638664, 0.0456990145, 0.998826087 ]
        -
          name: R_ANKLE_P
          index: 28
          translation: [ -0.0102614436, -0.33, 0.103 ]
          rotation: [
            0.999999053, -0.000505131866, -0.00128046456,
            0.000510826307, 0.999989965, 0.00445074889,
            0.0012782035, -0.00445139877, 0.999989276 ]
          isTouching: true
          partingDirection: [ 0, 0, 1 ]
  -
    time: 13.14
    maxTransitionTime: 0.8
    refer:
      type: Pose
      name: ""
      joints: [
        6, 7, 8, 9, 10, 11, 12, 13, 14, 15,
        16, 17, 18, 19, 20, 21, 22, 24, 25, 26,
        27, 28, 29, 30 ]
      q: [
        0, -0.0844512465, -0.194484275, -0.44371865, -0.182426897, 0.623635921, 0.457584261, -0.441536671, -0.304025011, 0.138500254,
        -0.87153854, 1.09786847, -2.33085912, -2.11297448, -0.42563519, -0.194800212, 1.04382174, -1.15529539, -0.379468439, 1.3985154,
        -0.121610004, -0.222951675, -0.546121202, -0.172281276 ]
      ikLinks:
        -
          name: WAIST
          index: 0
          isBaseLink: true
          translation: [ 0.0212949033, 0.034, 0.778378722 ]
          rotation: [
            0.926372195, -0.374009929, 0.0441716006,
            0.375116214, 0.92676463, -0.0198783149,
            -0.0335019899, 0.0349842018, 0.998826172 ]
        -
          name: R_ANKLE_P
          index: 28
          translation: [ -0.0102578657, -0.329972807, 0.103 ]
          rotation: [
            0.999999072, -0.000464958928, -0.00128049182,
            0.000470653783, 0.999989985, 0.00445069189,
            0.00127840961, -0.00445129043, 0.999989276 ]
          isTouching: true
          partingDirection: [ 0, 0, 1 ]
  -
    time: 13.54
    maxTransitionTime: 0.403376492
    refer:
      type: Pose
      name: ""
      joints: [
        6, 7, 8, 9, 10, 11, 12, 13, 14, 15,
        16, 17, 18, 19, 20, 21, 22, 24, 25, 26,
        27, 28, 29, 30 ]
      q: [
        0, -0.0844512465, -0.0172837652, -0.295882546, -0.566665003, 1.05801213, 0.315350027, -0.517940792, 0.0202683341, 0.138500254,
        -0.87153854, 1.09786847, -2.33085912, -2.11297448, -0.42563519, -0.194800212, 0.719527692, -1.15529539, -0.379468439, 1.3985154,
        -0.653653905, -1.15529539, 0.226328887, -0.172281276 ]
      ikLinks:
        -
          name: WAIST
          index: 0
          isBaseLink: true
          translation: [ 0.0228386556, 0.0490936014, 0.779373975 ]
          rotation: [
            0.99860669, 0.0288712253, 0.0441715992,
            -0.028015157, 0.999409825, -0.0198784507,
            -0.0447194455, 0.0186132796, 0.99882617 ]
        -
          name: R_ANKLE_P
          index: 28
          translation: [ 0.00685571609, -0.199908346, 0.125212106 ]
          rotation: [
            0.981683417, 0.190513772, -0.00147348213,
            -0.190506015, 0.981676644, 0.00429242186,
            0.00226424848, -0.00393309215, 0.999989702 ]
  -
    time: 13.699
    maxTransitionTime: 0.23
    refer:
      type: Pose
      name: ""
      joints: [
        6, 7, 8, 9, 10, 11, 12, 13, 14, 15,
        16, 17, 18, 19, 20, 21, 22, 24, 25, 26,
        27, 28, 29, 30 ]
      q: [
        0, -0.0844512465, -0.138222156, -0.0628425622, -0.605534311, 1.06415761, 0.0576686563, -0.505085386, 0.0202683341, 0.138500254,
        -0.87153854, 1.09786847, -2.33085912, -2.11297448, -0.42563519, -0.194800212, 0.719527692, -1.74341128, -0.379468439, 1.3985154,
        -0.980127026, -1.15529539, 0.226328887, -0.172281276 ]
      ikLinks:
        -
          name: WAIST
          index: 0
          isBaseLink: true
          translation: [ 0.0220539451, 0.0224645903, 0.778888572 ]
          rotation: [
            0.99859963, 0.0287707, 0.0443962266,
            -0.0279071921, 0.999411442, -0.0199488815,
            -0.0449440401, 0.0186819716, 0.998814806 ]
        -
          name: R_ANKLE_P
          index: 28
          translation: [ 0.0282960646, -0.0899183201, 0.103 ]
          rotation: [
            0.981655255, 0.190664521, -1.11022302e-16,
            -0.190664521, 0.981655255, -1.38777878e-17,
            4.99600361e-16, 1.38777878e-17, 1 ]
          isTouching: true
          partingDirection: [ 0, 0, 1 ]
  -
    time: 13.794
    maxTransitionTime: 0.094384
    refer:
      type: Pose
      name: ""
      joints: [
        6, 7, 8, 9, 10, 11, 12, 13, 14, 15,
        16, 17, 18, 19, 20, 21, 22, 24, 25, 26,
        27, 28, 29, 30 ]
      q: [
        0, -0.0844512465, -0.13897346, -0.0613411897, -0.605125731, 1.06362886, 0.0559912455, -0.507957855, 0.0202683341, 0.138500254,
        -0.87153854, 1.09786847, -2.33085912, -2.11297448, -0.42563519, -0.194800212, 0.719527692, -1.76323632, -0.379468439, 1.3985154,
        -0.988037975, -1.15529539, 0.226328887, -0.172281276 ]
      ikLinks:
        -
          name: WAIST
          index: 0
          isBaseLink: true
          translation: [ 0.022027493, 0.0215669421, 0.778872209 ]
          rotation: [
            0.998599391, 0.028767312, 0.0444037988,
            -0.0279035528, 0.999411496, -0.0199512548,
            -0.044951611, 0.0186842871, 0.998814422 ]
        -
          name: R_ANKLE_P
          index: 28
          translation: [ 0.0282960646, -0.0899183201, 0.102839324 ]
          rotation: [
            0.981651017, 0.190664521, -0.00288457308,
            -0.190663698, 0.981655255, 0.000560263638,
            0.00293847872, 7.63278329e-17, 0.999995683 ]
          isTouching: true
          partingDirection: [ 0, 0, 1 ]
  -
    time: 13.94
    maxTransitionTime: 0.17
    refer:
      type: Pose
      name: ""
      joints: [
        6, 7, 8, 9, 10, 11, 12, 13, 14, 15,
        16, 17, 18, 19, 20, 21, 22, 24, 25, 26,
        27, 28, 29, 30 ]
      q: [
        0, -0.0844512465, -0.159851199, -0.325098638, -0.662709929, 1.14644542, 0.346624775, -0.505691143, 0.0202683341, 0.138500254,
        -0.87153854, 1.09786847, -2.33085912, -2.11297448, -0.42563519, -0.194800212, 0.719527692, -1.76334559, -0.379468439, 1.3985154,
        -0.988081504, -1.15529539, 0.226328887, -0.172281276 ]
      ikLinks:
        -
          name: WAIST
          index: 0
          isBaseLink: true
          translation: [ 0.0163136127, 7.63278329e-17, 0.774184226 ]
          rotation: [
            0.988323003, -0.145875693, 0.0440218629,
            0.146831411, 0.988973189, -0.0193020354,
            -0.0407207443, 0.0255404378, 0.998844085 ]
        -
          name: R_ANKLE_P
          index: 28
          translation: [ 0.0518727085, -0.260096295, 0.140932549 ]
          rotation: [
            0.985393135, 0.170285059, -0.0018354678,
            -0.170276075, 0.985387153, 0.00426825293,
            0.00253546609, -0.00389337088, 0.999989206 ]
  -
    time: 14.1
    maxTransitionTime: 0.33
    refer:
      type: Pose
      name: ""
      joints: [
        6, 7, 8, 9, 10, 11, 12, 13, 14, 15,
        16, 17, 18, 19, 20, 21, 22, 24, 25, 26,
        27, 28, 29, 30 ]
      q: [
        0, -0.0844512465, -0.485967931, -0.268912677, -0.479966735, 0.986038098, 0.300728571, -0.534801075, 0.0202683341, 0.138500254,
        -0.87153854, 1.09786847, -2.33085912, -2.11297448, -0.42563519, -0.194800212, 0.719527692, -1.76334559, -0.379468439, 1.3985154,
        -0.988081504, -1.15529539, 0.226328887, -0.172281276 ]
      ikLinks:
        -
          name: WAIST
          index: 0
          isBaseLink: true
          translation: [ 0.0159364392, -0.189, 0.7732387 ]
          rotation: [
            0.952397086, -0.301558673, 0.0447454695,
            0.302624111, 0.952917127, -0.019172822,
            -0.0368569935, 0.0318011977, 0.99881442 ]
        -
          name: R_ANKLE_P
          index: 28
          translation: [ -0.0279185121, -0.416776858, 0.103633199 ]
          rotation: [
            0.948323655, 0.317304656, 1.66533454e-16,
            -0.317304656, 0.948323655, 2.22044605e-16,
            2.77555756e-16, -2.49800181e-16, 1 ]
          isTouching: true
          partingDirection: [ 0, 0, 1 ]
  -
    time: 14.27
    maxTransitionTime: 0.17
    refer:
      type: Pose
      name: ""
      joints: [
        0, 1, 2, 3, 4, 5, 6, 7, 14, 15,
        16, 17, 18, 19, 20, 21, 22, 24, 25, 26,
        27, 28, 29, 30 ]
      q: [
        -0.491242894, 0.0955555795, -0.282481991, 1.17164927, -0.179332588, -0.930587664, 0, -0.0844512465, 0.0202683341, 0.138500254,
        -0.87153854, 1.09786847, -2.33085912, -2.11297448, -0.42563519, -0.194800212, 0.719527692, -1.76334559, -0.379468439, 1.3985154,
        -0.988081504, -1.15529539, 0.226328887, -0.172281276 ]
      ikLinks:
        -
          name: WAIST
          index: 0
          isBaseLink: true
          translation: [ 0.0159364392, -0.38, 0.7732387 ]
          rotation: [
