# Body pose sequence format version 1.0 defined by cnoid-Robotics

type: PoseSeq
name: ""
targetBody: "RHPS1"
refs:
  -
    time: 0
    refer:
      type: Pose
      name: ""
      joints: [
        0, 1, 2, 3, 4, 5, 6, 7, 8, 9,
        10, 11, 12, 13, 14, 15, 16, 17, 18, 19,
        20, 21, 22, 24, 25, 26, 27, 28, 29, 30 ]
      q: [
        0, 0, -0.296705974, 0.628318534, 0, -0.33161256, 0, 0, 0, 0,
        -0.296705974, 0.628318534, 0, -0.33161256, 0, 0, 0.261799388, 0.261799388, -0.0872664626, -0.523598776,
        0, 0.785398163, 0, 0.261799388, -0.261799388, 0.0872664626, -0.523598776, 0, -0.785398163, 0 ]
      ikLinks:
        -
          name: WAIST
          index: 0
          isBaseLink: true
          translation: [ 0, 0, 0.843 ]
          rotation: [
            1, 0, 0,
            0, 1, 0,
            0, 0, 1 ]
        -
          name: R_ANKLE_P
          index: 28
          translation: [ 0, -0.08, 0.103343601 ]
          rotation: [
            1, 0, -2.77555756e-16,
            0, 1, 0,
            2.77555756e-16, 0, 1 ]
          isTouching: true
          partingDirection: [ 0, 0, 1 ]
        -
          name: L_ANKLE_P
          index: 34
          translation: [ 0, 0.08, 0.103343601 ]
          rotation: [
            1, 0, -2.77555756e-16,
            0, 1, 0,
            2.77555756e-16, 0, 1 ]
          isTouching: true
          partingDirection: [ 0, 0, 1 ]
  -
    time: 0.5
    maxTransitionTime: 1.03064705
    refer:
      type: Pose
      name: ""
      joints: [
        0, 1, 2, 3, 4, 5, 6, 7, 8, 9,
        10, 11, 12, 13, 14, 15, 16, 17, 18, 19,
        20, 21, 22, 24, 25, 26, 27, 28, 29, 30 ]
      q: [
        -0, 0, -0.296705974, 0.628318534, 0, -0.33161256, 0, 0, -0, 0,
        -0.296705974, 0.628318534, 0, -0.33161256, 0, 0, 0.261799388, 0.261799388, -0.0872664626, -0.523598776,
        0, 0.785398163, 0, 0.261799388, -0.261799388, 0.0872664626, -0.523598776, 0, -0.785398163, 0 ]
      ikLinks:
        -
          name: WAIST
          index: 0
          isBaseLink: true
          translation: [ 0, 0, 0.843 ]
          rotation: [
            1, 0, 0,
            0, 1, 0,
            -0, 0, 1 ]
        -
          name: R_ANKLE_P
          index: 28
          translation: [ 0, -0.08, 0.103343601 ]
          rotation: [
            1, 0, -4.65699459e-16,
            0, 1, 0,
            4.65699459e-16, 0, 1 ]
          isTouching: true
          partingDirection: [ 0, 0, 1 ]
        -
          name: L_ANKLE_P
          index: 34
          translation: [ 0, 0.08, 0.103343601 ]
          rotation: [
            1, 0, -4.65699459e-16,
            0, 1, 0,
            4.65699459e-16, 0, 1 ]
          isTouching: true
          partingDirection: [ 0, 0, 1 ]
  -
    time: 1
    maxTransitionTime: 0.996
    refer:
      type: Pose
      name: ""
      joints: [
        0, 1, 2, 3, 4, 5, 6, 7, 8, 9,
        10, 11, 12, 13, 14, 15, 16, 17, 18, 19,
        20, 21, 22, 24, 25, 26, 27, 28, 29, 30 ]
      q: [
        -0, 0, -0.314627675, 0.629255351, 0, -0.314627675, 0, 0, -0, 0,
        -0.314627675, 0.629255351, 0, -0.314627675, 0, 0, 0.261799388, 0.261799388, -0.0872664626, -0.523598776,
        0, 0.785398163, 0, 0.261799388, -0.261799388, 0.0872664626, -0.523598776, 0, -0.785398163, 0 ]
      ikLinks:
        -
          name: WAIST
          index: 0
          isBaseLink: true
          translation: [ 0, 0, 0.843 ]
          rotation: [
            1, 0, 0,
            0, 1, 0,
            -0, 0, 1 ]
        -
          name: R_ANKLE_P
          index: 28
          translation: [ 5.55111512e-17, -0.08, 0.103343601 ]
          rotation: [
            1, 0, -5.69026917e-16,
            0, 1, 0,
            5.69026917e-16, 0, 1 ]
          isTouching: true
          partingDirection: [ 0, 0, 1 ]
        -
          name: L_ANKLE_P
          index: 34
          translation: [ 5.55111512e-17, 0.08, 0.103343601 ]
          rotation: [
            1, 0, -5.69026917e-16,
            0, 1, 0,
            5.69026917e-16, 0, 1 ]
          isTouching: true
          partingDirection: [ 0, 0, 1 ]
  -
    time: 1.5
    maxTransitionTime: 0.53241432
    refer:
      type: Pose
      name: ""
      joints: [
        0, 1, 2, 3, 4, 5, 6, 7, 8, 9,
        10, 11, 12, 13, 14, 15, 16, 17, 18, 19,
        20, 21, 22, 24, 25, 26, 27, 28, 29, 30 ]
      q: [
        -0.257254278, 0.0252311137, -0.422461527, 0.623747647, -0.00568215432, -0.276204818, 0, -0.108976604, -0.2555053, 0.0173766322,
        -0.364309588, 0.626029844, 0.00236766452, -0.336675805, -0.200161242, 0, -0.161875334, 0.735514349, -1.20038551, -1.40764436,
        0, 0.785398163, 0, -0.322004289, -0.261799388, -0.240775654, -1.16745084, 0, -0.53074948, 0.460371917 ]
      ikLinks:
        -
          name: WAIST
          index: 0
          isBaseLink: true
          translation: [ 0, 0, 0.843 ]
          rotation: [
            0.964292283, -0.254040222, 0.0748595903,
            0.253278156, 0.967193655, 0.0196623984,
            -0.0773987608, -8.86984751e-18, 0.997000217 ]
        -
          name: R_ANKLE_P
          index: 28
          translation: [ 2.63677968e-16, -0.08, 0.103343601 ]
          rotation: [
            1, -8.2598631e-17, -1.11534328e-15,
            5.18099587e-17, 1, 9.91883613e-18,
            1.11534328e-15, -1.34831827e-17, 1 ]
          isTouching: true
          partingDirection: [ 0, 0, 1 ]
        -
          name: L_ANKLE_P
          index: 34
          translation: [ 4.99600361e-16, 0.08, 0.103343601 ]
          rotation: [
            1, -1.00585423e-16, -1.29343891e-15,
            7.06407665e-17, 1, -2.22276476e-17,
            1.28923087e-15, 1.52674477e-17, 1 ]
          isTouching: true
          partingDirection: [ 0, 0, 1 ]
  -
    time: 2
    maxTransitionTime: 1.00530772
    refer:
      type: Pose
      name: ""
      joints: [
        0, 1, 2, 3, 4, 5, 6, 7, 8, 9,
        10, 11, 12, 13, 14, 15, 16, 17, 18, 19,
        20, 21, 22, 24, 25, 26, 27, 28, 29, 30 ]
      q: [
        -0.466899392, 0.0821129484, -0.494354327, 0.610977875, -0.0185265578, -0.242781196, 0, -0.198886202, -0.462981048, 0.0560611716,
        -0.39301778, 0.618473891, 0.00784963698, -0.351876356, -0.365301427, 0, -0.511422137, 1.12634614, -2.11874855, -2.1370136,
        0, 0.785398163, 0, -0.803663209, -0.261799388, -0.511422137, -1.69865182, 0, -0.320655206, 0.840195219 ]
      ikLinks:
        -
          name: WAIST
          index: 0
          isBaseLink: true
          translation: [ 0, 0, 0.843 ]
          rotation: [
            0.883221346, -0.451789318, 0.125723768,
            0.447280505, 0.892124662, 0.0636689666,
            -0.140926233, -1.60744564e-17, 0.990020099 ]
        -
          name: R_ANKLE_P
          index: 28
          translation: [ 4.30211422e-16, -0.08, 0.103343601 ]
          rotation: [
            1, 3.08961369e-17, -1.05142465e-15,
            -4.545727e-17, 1, 4.44075949e-17,
            1.05482595e-15, -2.8542078e-17, 1 ]
          isTouching: true
          partingDirection: [ 0, 0, 1 ]
        -
          name: L_ANKLE_P
          index: 34
          translation: [ 5.13478149e-16, 0.08, 0.103343601 ]
          rotation: [
            1, -1.20074373e-17, -1.09044471e-15,
            -4.17298692e-17, 1, -4.01227192e-17,
            1.19658311e-15, 2.56785758e-17, 1 ]
          isTouching: true
          partingDirection: [ 0, 0, 1 ]
  -
    time: 2.405
    maxTransitionTime: 0.404866
    refer:
      type: Pose
      name: ""
      joints: [
        6, 7, 8, 9, 10, 11, 12, 13, 14, 15,
        16, 17, 18, 19, 20, 21, 22, 24, 25, 26,
        27, 28, 29, 30 ]
      q: [
        0, -0.107422878, -0.417811772, -0.0697441694, -0.555118078, 1.05049976, 0.115728637, -0.563030554, -0.365301427, 0.0553961422,
        -0.142114491, 0.728760388, -0.93696421, -2.24780762, 0.258515361, 0.469971506, 0, -1.09911093, -0.431065403, -0.215975985,
        -0.95080394, 0.553961422, -0.119586561, 0.512604492 ]
      ikLinks:
        -
          name: WAIST
          index: 0
          isBaseLink: true
          translation: [ -0.0111206331, -0.0569132816, 0.827509383 ]
          rotation: [
            0.887212549, -0.45623315, 0.0685944971,
            0.455109137, 0.88985612, 0.032120995,
            -0.0756938958, 0.00271983251, 0.997127392 ]
        -
          name: R_ANKLE_P
          index: 28
          translation: [ 1.22124533e-15, -0.192103493, 0.153 ]
          rotation: [
            1, -4.09301818e-16, -2.63197538e-15,
            3.9320625e-16, 1, 2.70728625e-16,
            2.67034929e-15, -3.08337172e-16, 1 ]
  -
    time: 2.8
    maxTransitionTime: 0.7989974
    refer:
      type: Pose
      name: ""
      joints: [
        6, 7, 8, 9, 10, 11, 12, 13, 14, 15,
        16, 17, 18, 19, 20, 21, 22, 24, 25, 26,
        27, 28, 29, 30 ]
      q: [
        0.174532925, -0.017943883, 0.0639422262, -0.173264889, -0.435197822, 0.801175385, 0.179516607, -0.371810763, -0.182121268, 0.109590445,
        0.219180891, 0.339800403, 0.219180891, -2.35619449, 0.511422137, 0.0365314866, 0, -1.38814553, -0.182121268, 0.0730603552,
        -0.219180891, 1.09590445, 0.0771180711, 0.0758039748 ]
      ikLinks:
        -
          name: WAIST
          index: 0
          isBaseLink: true
          translation: [ -0.022, -0.112591809, 0.81235484 ]
          rotation: [
            0.999933188, 6.23760499e-05, 0.0115592604,
            6.10645792e-21, 0.999985441, -0.00539611874,
            -0.0115594287, 0.00539575821, 0.999918629 ]
        -
          name: R_ANKLE_P
          index: 28
          translation: [ 9.43689571e-16, -0.301302967, 0.103343601 ]
          rotation: [
            1, -3.38064235e-16, -2.2643219e-15,
            3.33995711e-16, 1, 3.74539257e-16,
            2.36775816e-15, -3.70559837e-16, 1 ]
          isTouching: true
          partingDirection: [ 0, 0, 1 ]
  -
    time: 3.13
    maxTransitionTime: 0.4370532
    refer:
      type: Pose
      name: ""
      joints: [
        6, 7, 14, 15, 16, 17, 18, 19, 20, 21,
        22, 24, 25, 26, 27, 28, 29, 30 ]
      q: [
        -0.174532925, -0.017943883, 0.136591038, 0.109590445, -1.38814553, 0.182121268, -0.0730603552, -0.219180891, -1.09590445, -0.0771180711,
        -0.0758039748, 0.219180891, -0.339800403, -0.219180891, -2.35619449, -0.511422137, -0.0365314866, 5.66336907e-17 ]
      ikLinks:
        -
          name: WAIST
          index: 0
          isBaseLink: true
          translation: [ -0.022, -0.108711158, 0.81235484 ]
          rotation: [
            0.999933188, -6.23760499e-05, 0.0115592604,
            0, 0.999985441, 0.00539611874,
            -0.0115594287, -0.00539575821, 0.999918629 ]
  -
    time: 3.44
    maxTransitionTime: 0.3032694
    refer:
      type: Pose
      name: ""
      joints: [
        6, 7, 14, 15, 16, 17, 18, 19, 20, 21,
        22, 24, 25, 26, 27, 28, 29, 30 ]
      q: [
        0.166944408, -0.017943883, -0.136591038, 0.109590445, 0.219180891, 0.339800403, 0.219180891, -2.35619449, 0.511422137, 0.0365314866,
        0, -1.38814553, -0.182121268, 0.0730603552, -0.219180891, 1.09590445, 0.0771180711, 0.0758039748 ]
      ikLinks:
        -
          name: WAIST
          index: 0
          isBaseLink: true
          translation: [ -0.022, -0.112591809, 0.81235484 ]
          rotation: [
            0.999933188, 6.23760499e-05, 0.0115592604,
            0, 0.999985441, -0.00539611874,
            -0.0115594287, 0.00539575821, 0.999918629 ]
  -
    time: 3.76
    maxTransitionTime: 0.3432316
    refer:
      type: Pose
      name: ""
      joints: [
        6, 7, 14, 15, 16, 17, 18, 19, 20, 21,
        22, 24, 25, 26, 27, 28, 29, 30 ]
      q: [
        -0.182121268, -0.017943883, 0.136591038, 0.109590445, -1.38814553, 0.218798489, -0.0730603552, -0.219180891, -1.09590445, -0.0771180711,
        -0.0758039748, 0.219180891, -0.339800403, -0.219180891, -2.35619449, -0.511422137, -0.0365314866, 0 ]
      ikLinks:
        -
          name: WAIST
          index: 0
          isBaseLink: true
          translation: [ -0.022, -0.108711158, 0.81235484 ]
          rotation: [
            0.999933188, -6.23760499e-05, 0.0115592604,
            0, 0.999985441, 0.00539611874,
            -0.0115594287, -0.00539575821, 0.999918629 ]
  -
    time: 4.96
    maxTransitionTime: 1.2742052
    refer:
      type: Pose
      name: ""
      joints: [
        6, 7, 8, 9, 10, 11, 12, 13, 14, 15,
        16, 17, 18, 19, 20, 21, 22, 24, 25, 26,
        27, 28, 29, 30 ]
      q: [
        0, 0.0410667246, 0.524112862, -0.517313038, -0.125497505, 1.15151694, 0.653368602, -0.779089311, 0, 0.109590445,
        0, 0.716098295, -1.4783965, -1.31669698, 1.4783965, 0.349067596, 0.0923999995, -0.554398775, -0.1950662, -0.219180891,
        -2.35619449, 1.10879738, -0.0365314866, 0 ]
      ikLinks:
        -
          name: WAIST
          index: 0
          isBaseLink: true
          translation: [ 0.0422074563, 0.0794794067, 0.81163794 ]
          rotation: [
            0.997184875, -0.034826796, -0.0664034634,
            0.0267473323, 0.992546265, -0.118896977,
            0.0700493104, 0.116786152, 0.990683647 ]
        -
          name: R_ANKLE_P
          index: 28
          translation: [ -1.38777878e-16, -0.301302967, 0.23056377 ]
          rotation: [
            1, -1.40623567e-15, 3.65415289e-16,
            1.35491899e-15, 1, 9.45613435e-16,
            -5.31948743e-16, -8.57428226e-16, 1 ]
  -
    time: 5.16
    maxTransitionTime: 0.259454
    refer:
      type: Pose
      name: ""
      joints: [
        6, 7, 8, 9, 10, 11, 12, 13, 14, 15,
        16, 17, 18, 19, 20, 21, 22, 24, 25, 26,
        27, 28, 29, 30 ]
      q: [
        0, 0.0410667246, 0.52411286, -0.517313038, -0.125497505, 1.15151694, 0.653368601, -0.77908931, 0, 0.109590445,
        0, 0.716098295, -1.4783965, -1.31669698, 1.4783965, 0.349067596, 0.0923999995, -0.554398775, -0.1950662, -0.219180891,
        -2.35619449, 1.10879738, -0.0365314866, 0 ]
      ikLinks:
        -
          name: WAIST
          index: 0
          isBaseLink: true
          translation: [ 0.0422074563, 0.0794794067, 0.81163794 ]
          rotation: [
            0.997184875, -0.034826796, -0.0664034634,
            0.0267473323, 0.992546265, -0.118896977,
            0.0700493104, 0.116786152, 0.990683647 ]
        -
          name: R_ANKLE_P
          index: 28
          translation: [ -3.33066907e-16, -0.301302967, 0.23056377 ]
          rotation: [
            1, -1.39297212e-15, 1.18968748e-15,
            1.26996884e-15, 1, 7.82480887e-16,
            -1.00820364e-15, -9.98184699e-16, 1 ]
  -
    time: 5.424
    maxTransitionTime: 0.5208864
    refer:
      type: Pose
      name: ""
      joints: [
        6, 7, 8, 9, 10, 11, 12, 13, 14, 15,
        16, 17, 18, 19, 20, 21, 22, 24, 25, 26,
        27, 28, 29, 30 ]
      q: [
        0, 0.0410667246, -0.237068995, 0.145756549, -0.335851432, 0.885637873, -0.143749661, -0.47264956, -0.219177143, 0.109590445,
        0, 1.83257662, -1.4783965, -2.25155413e-05, 1.4783965, 0.349067596, 0.0923999995, -1.09589519, 0.698116427, 1.53423626,
        -0.876748863, 1.10879738, -0.0365314866, 0 ]
      spJoints: [ 16, 17, 18, 19, 20, 21, 22, 24, 25, 26,
        27, 28, 29, 30 ]
      ikLinks:
        -
          name: WAIST
          index: 0
          isBaseLink: true
          translation: [ -4.16333634e-17, -0.081, 0.8 ]
          rotation: [
            0.984674405, -0.159415369, -0.0707322903,
            0.161376078, 0.986627408, 0.0228936624,
            0.0661368146, -0.033957303, 0.997232582 ]
        -
          name: R_ANKLE_P
          index: 28
          translation: [ -2.77555756e-16, -0.076983072, 0.103002181 ]
          rotation: [
            1, -1.53699375e-15, 1.85446568e-16,
            1.44885692e-15, 1, -9.80309404e-17,
            -3.42433823e-16, 4.21301708e-17, 1 ]
          isTouching: true
          partingDirection: [ 0, 0, 1 ]
  -
    time: 5.525
    maxTransitionTime: 0.10263756
    refer:
      type: Pose
      name: ""
      joints: [
        0, 1, 2, 3, 4, 5, 8, 9, 10, 11,
        12, 13 ]
      q: [
        -0.174826368, 0.105958694, -0.479483744, 0.994766424, -0.0981425603, -0.462899918, -0.177401543, 0.106515444, -0.435276517, 0.970323764,
        -0.0999081672, -0.482487366 ]
      ikLinks:
        -
          name: R_ANKLE_P
          index: 28
          translation: [ 3.05311332e-16, -0.0769808765, 0.10315324 ]
          rotation: [
            1, -5.89528328e-16, -1.21611531e-15,
            5.20372033e-16, 1, 1.36344737e-16,
            1.08126664e-15, -1.59713517e-16, 1 ]
          isTouching: true
          partingDirection: [ 0, 0, 1 ]
        -
          name: L_ANKLE_P
          index: 34
          translation: [ 1.36002321e-15, 0.08, 0.103343601 ]
          rotation: [
            1, 1.97519202e-17, -3.17623249e-15,
            -7.81875987e-17, 1, -5.08617013e-16,
            3.09441979e-15, 5.20224674e-16, 1 ]
          isTouching: true
          partingDirection: [ 0, 0, 1 ]
  -
    time: 5.61
    maxTransitionTime: 0.27103111
    refer:
      type: Pose
      name: ""
      joints: [
        0, 1, 2, 3, 4, 5, 8, 9, 10, 11,
        12, 13 ]
      q: [
        -0.0759533416, 0.100818766, -0.389810685, 1.11039832, -0.0595465318, -0.649291404, -0.0770395063, 0.103934203, -0.355702371, 1.05655682,
        -0.0626127289, -0.629410169 ]
      ikLinks:
        -
          name: R_ANKLE_P
          index: 28
          translation: [ 4.99600361e-16, -0.0769792361, 0.103266107 ]
          rotation: [
            1, 7.3932918e-17, -2.1160555e-15,
            -6.78498769e-17, 1, 4.07251428e-16,
            2.15029199e-15, -3.92525951e-16, 1 ]
          isTouching: true
          partingDirection: [ 0, 0, 1 ]
        -
          name: L_ANKLE_P
          index: 34
          translation: [ 1.11022302e-15, 0.08, 0.103343601 ]
          rotation: [
            1, 3.24638045e-17, -2.89556025e-15,
            -1.74541296e-17, 1, -4.03323564e-16,
            3.01691039e-15, 4.11662824e-16, 1 ]
          isTouching: true
          partingDirection: [ 0, 0, 1 ]
  -
    time: 5.685
    maxTransitionTime: 0.093062495
    refer:
      type: Pose
      name: ""
      joints: [
        0, 1, 2, 3, 4, 5, 8, 9, 10, 11,
        12, 13 ]
      q: [
        0.164881311, -0.0623693485, -0.752817656, 1.40288836, 0.0846923855, -0.642096289, 0.147001836, -0.0550173139, -0.748194171, 1.40153746,
        0.0755612926, -0.645624817 ]
      ikLinks:
        -
          name: R_ANKLE_P
          index: 28
          translation: [ 2.02615702e-15, -0.0769792361, 0.143 ]
          rotation: [
            0.992595388, -0.121467677, -3.13478327e-15,
            0.121467677, 0.992595388, 3.37493593e-16,
            3.03022761e-15, -7.07665987e-16, 1 ]
        -
          name: L_ANKLE_P
          index: 34
          translation: [ 9.99200722e-16, 0.08, 0.143 ]
          rotation: [
            0.990991387, -0.133925614, -3.01502197e-15,
            0.133925614, 0.990991387, -5.91315968e-16,
            2.86691194e-15, 1.63570568e-16, 1 ]
  -
    time: 5.76
    maxTransitionTime: 0.4674542
    refer:
      type: Pose
      name: ""
      joints: [
        0, 1, 2, 3, 4, 5, 6, 7, 8, 9,
        10, 11, 12, 13, 14, 15, 16, 17, 18, 19,
        20, 21, 22, 24, 25, 26, 27, 28, 29, 30 ]
      q: [
        0.366683817, -0.100238388, -0.657347111, 1.24499413, 0.12026483, -0.584306865, 0, 0, 0.334183697, -0.0942534142,
        -0.663691451, 1.24774676, 0.112836499, -0.581124341, 0, 0.109590445, -0.511422137, 0.0669719486, -0.803663209, -0.876723564,
        -1.10879738, 0.0365314866, -0, 0, -1.538325, 1.4783965, 0, -1.4783965, -0.88890282, -0.0923999995 ]
      spJoints: [ 16, 17, 18, 19, 20, 21, 22, 24, 25, 26,
        27, 28, 29, 30 ]
      ikLinks:
        -
          name: WAIST
          index: 0
          isBaseLink: true
          translation: [ -0.04, 0.0473042139, 0.74 ]
          rotation: [
            1, 0, 0,
            0, 1, 0,
            0, 0, 1 ]
        -
          name: R_ANKLE_P
          index: 28
          translation: [ 1.2490009e-15, -0.0769792361, 0.103687202 ]
          rotation: [
            0.963220369, -0.268712709, -3.42174302e-15,
            0.268712709, 0.963220369, 5.41905618e-16,
            3.11918423e-15, -1.4546472e-15, 1 ]
          isTouching: true
          partingDirection: [ 0, 0, 1 ]
        -
          name: L_ANKLE_P
          index: 34
          translation: [ -7.77156117e-16, 0.08, 0.103343601 ]
          rotation: [
            0.955301036, -0.295634794, 4.25311889e-17,
            0.295634794, 0.955301036, 4.19373948e-16,
            -4.47005652e-16, -3.2027888e-16, 1 ]
          isTouching: true
          partingDirection: [ 0, 0, 1 ]
  -
    time: 5.88
    maxTransitionTime: 0.11288577
    refer:
      type: Pose
      name: ""
      joints: [
        0, 1, 2, 3, 4, 5, 8, 9, 10, 11,
        12, 13 ]
      q: [
        0.352205362, -0.069796538, -0.744263057, 1.38581729, 0.0870399032, -0.639736765, 0.318745616, -0.0628860313, -0.748977172, 1.38715242,
        0.0782392449, -0.636709922 ]
      ikLinks:
        -
          name: R_ANKLE_P
          index: 28
          translation: [ 1.30451205e-15, -0.0769792361, 0.103515591 ]
          rotation: [
            0.963190685, -0.268819091, -3.00485206e-15,
            0.268819091, 0.963190685, 2.4543645e-16,
            2.83987245e-15, -1.03087827e-15, 1 ]
          isTouching: true
          partingDirection: [ 0, 0, 1 ]
        -
          name: L_ANKLE_P
          index: 34
          translation: [ 5.55111512e-17, 0.08, 0.103343601 ]
          rotation: [
            0.95528939, -0.295672421, -1.53385717e-15,
            0.295672421, 0.95528939, -5.19939003e-16,
            1.60904161e-15, 1.10635128e-16, 1 ]
          isTouching: true
          partingDirection: [ 0, 0, 1 ]
  -
    time: 5.98
    maxTransitionTime: 0.297320305
    refer:
      type: Pose
      name: ""
      joints: [
        0, 1, 2, 3, 4, 5, 8, 9, 10, 11,
        12, 13 ]
      q: [
        0.276799433, 0.0601869507, -0.518071824, 1.33109124, -0.03323104, -0.76311017, 0.247382238, 0.060646962, -0.511352353, 1.31608403,
        -0.0355871329, -0.753738076 ]
      ikLinks:
        -
          name: R_ANKLE_P
          index: 28
          translation: [ 5.55111512e-16, -0.0769792361, 0.103353091 ]
          rotation: [
            0.963162567, -0.268919821, -1.89822169e-15,
            0.268919821, 0.963162567, 2.10358765e-16,
            2.01581206e-15, -7.34393689e-16, 1 ]
          isTouching: true
          partingDirection: [ 0, 0, 1 ]
        -
          name: L_ANKLE_P
          index: 34
          translation: [ 3.05311332e-16, 0.08, 0.103343601 ]
          rotation: [
            0.955278362, -0.29570805, -1.22310816e-15,
            0.29570805, 0.955278362, -8.55591257e-16,
            1.65330985e-15, 4.23783787e-16, 1 ]
          isTouching: true
          partingDirection: [ 0, 0, 1 ]
  -
    time: 6.067
    maxTransitionTime: 0.134592467
    refer:
      type: Pose
      name: ""
      joints: [
        0, 1, 2, 3, 4, 5, 8, 9, 10, 11,
        12, 13 ]
      q: [
        0.116167825, 0.0703469359, -0.784231698, 1.40534325, -0.0864300156, -0.619342783, 0.0660452413, 0.0798280439, -0.780405754, 1.40428139,
        -0.098248482, -0.621585344 ]
      ikLinks:
        -
          name: R_ANKLE_P
          index: 28
          translation: [ 2.69229083e-15, -0.0769792361, 0.143 ]
          rotation: [
            0.992398381, -0.123066866, -4.64588689e-15,
            0.123066866, 0.992398381, -3.39313317e-16,
            4.73555008e-15, -2.53760299e-16, 1 ]
        -
          name: L_ANKLE_P
          index: 34
          translation: [ 1.05471187e-15, 0.08, 0.143 ]
          rotation: [
            0.986183557, -0.165656248, -3.06285816e-15,
            0.165656248, 0.986183557, -1.45329281e-15,
            3.04653667e-15, 9.19215549e-16, 1 ]
  -
    time: 6.13
    maxTransitionTime: 0.4311218
    refer:
      type: Pose
      name: ""
      joints: [
        0, 1, 2, 3, 4, 5, 6, 7, 8, 9,
        10, 11, 12, 13, 14, 15, 16, 17, 18, 19,
        20, 21, 22, 24, 25, 26, 27, 28, 29, 30 ]
      q: [
        -0.135407972, 0.09500229, -0.664507581, 1.21804743, -0.111551688, -0.550755541, 0, 0, -0.212424892, 0.103898725,
        -0.654509378, 1.21522605, -0.122511696, -0.557333969, 0, 0.109590445, -0.0220607025, 1.47485672, 1.41144026, -0.153664896,
        -1.36590986, 0.547954322, 0.0884142337, -0.803663209, -0.0669719486, 1.18378859, -1.38298371, 0.997196196, -0.604778926, -0.00398576587 ]
      spJoints: [ 16, 17, 18, 19, 20, 21, 22, 24, 25, 26,
        27, 28, 29, 30 ]
      ikLinks:
        -
          name: WAIST
          index: 0
          isBaseLink: true
          translation: [ -0.04, -0.051, 0.745324939 ]
          rotation: [
            1, 0, 0,
            0, 1, 0,
            0, 0, 1 ]
        -
          name: R_ANKLE_P
          index: 28
          translation: [ -8.32667268e-17, -0.0769792361, 0.103029643 ]
          rotation: [
            0.989157594, 0.146857942, 1.26921125e-15,
            -0.146857942, 0.989157594, -3.65434315e-17,
            -1.33394934e-15, -1.03987801e-16, 1 ]
          isTouching: true
          partingDirection: [ 0, 0, 1 ]
        -
          name: L_ANKLE_P
          index: 34
          translation: [ 1.85962357e-15, 0.08, 0.103343601 ]
          rotation: [
            0.99704825, 0.0767775139, -2.52237295e-15,
            -0.0767775139, 0.99704825, -9.56541023e-16,
            2.33842919e-15, 1.1553949e-15, 1 ]
          isTouching: true
          partingDirection: [ 0, 0, 1 ]
  -
    time: 6.21
    maxTransitionTime: 0.07564379
    refer:
      type: Pose
      name: ""
      joints: [
        0, 1, 2, 3, 4, 5, 8, 9, 10, 11,
        12, 13 ]
      q: [
        -0.127792525, 0.0827923972, -0.668293789, 1.22101729, -0.097192854, -0.55061193, -0.204347617, 0.0919092186, -0.65939217, 1.21837381,
        -0.108290635, -0.556343646 ]
      ikLinks:
        -
          name: R_ANKLE_P
          index: 28
          translation: [ 6.10622664e-16, -0.0769792361, 0.103029643 ]
          rotation: [
            0.989215039, 0.146470497, 8.1635094e-16,
            -0.146470497, 0.989215039, -1.48568533e-16,
            -9.69606788e-16, -2.70227015e-19, 1 ]
          isTouching: true
          partingDirection: [ 0, 0, 1 ]
        -
          name: L_ANKLE_P
          index: 34
          translation: [ 1.52655666e-15, 0.08, 0.103343601 ]
          rotation: [
            0.997050502, 0.0767482711, -2.63872556e-15,
            -0.0767482711, 0.997050502, -7.17145177e-16,
            2.19827946e-15, 8.83463997e-16, 1 ]
          isTouching: true
          partingDirection: [ 0, 0, 1 ]
  -
    time: 6.29
    maxTransitionTime: 0.210601525
    refer:
      type: Pose
      name: ""
      joints: [
        0, 1, 2, 3, 4, 5, 8, 9, 10, 11,
        12, 13 ]
      q: [
        -0.289752988, 0.0419022573, -0.483383445, 1.23454654, -0.0467296887, -0.691108844, -0.349936842, 0.0260087059, -0.417943235, 1.20244464,
        -0.0316813375, -0.724513056 ]
      ikLinks:
        -
          name: R_ANKLE_P
          index: 28
          translation: [ 4.71844785e-16, -0.0769792361, 0.103029643 ]
          rotation: [
            0.989272333, 0.146083029, 4.22341288e-16,
            -0.146083029, 0.989272333, -2.19984793e-17,
            -6.68628251e-17, -2.98955961e-17, 1 ]
          isTouching: true
          partingDirection: [ 0, 0, 1 ]
        -
          name: L_ANKLE_P
          index: 34
          translation: [ 1.22124533e-15, 0.08, 0.103343601 ]
          rotation: [
            0.997052752, 0.0767190281, -1.76076677e-15,
            -0.0767190281, 0.997052752, -5.03442757e-16,
            1.72292867e-15, 6.24044989e-16, 1 ]
          isTouching: true
          partingDirection: [ 0, 0, 1 ]
  -
    time: 6.358
    maxTransitionTime: 0.100735522
    refer:
      type: Pose
      name: ""
      joints: [
        0, 1, 2, 3, 4, 5, 8, 9, 10, 11,
        12, 13 ]
      q: [
        -0.00541218502, 0.00415050696, -0.783882498, 1.38654278, -0.00503804513, -0.602654356, -0.0807629275, 0.0157209357, -0.752032624, 1.39238949,
        -0.0196041378, -0.640264795 ]
      ikLinks:
        -
          name: R_ANKLE_P
          index: 28
          translation: [ 8.60422844e-16, -0.0769792361, 0.143 ]
          rotation: [
            0.998734769, -0.0502877808, -1.18066867e-15,
            0.0502877808, 0.998734769, -1.3045881e-16,
            1.25154189e-15, 6.53178597e-17, 1 ]
        -
          name: L_ANKLE_P
          index: 34
          translation: [ 1.11022302e-15, 0.08, 0.143 ]
          rotation: [
            0.993186299, -0.116537443, -1.38192309e-15,
            0.116537443, 0.993186299, -4.79400173e-16,
            1.43300954e-15, 3.03023631e-16, 1 ]
  -
    time: 6.43
    maxTransitionTime: 0.41112693
    refer:
      type: Pose
      name: ""
      joints: [
        0, 1, 2, 3, 4, 5, 6, 7, 8, 9,
        10, 11, 12, 13, 14, 15, 16, 17, 18, 19,
        20, 21, 22, 24, 25, 26, 27, 28, 29, 30 ]
      q: [
        0.176184645, -0.0255860942, -0.683277961, 1.20186434, 0.0294573012, -0.5183996, 4.57968389e-17, 0, 0.103251961, -0.00805062723,
        -0.652039142, 1.20767102, 0.00947607106, -0.555611755, -0.13962634, 0.109590445, -0.0220607025, 1.47485672, -0.0730603552, -2.35619449,
        -1.68038677, 0.547954322, 0.0884142337, -0.803663209, -0.0669719486, -0.219180891, -1.58906137, 0.997196196, -0.604778926, -0.00398576587 ]
      spJoints: [ 16, 17, 18, 19, 20, 21, 22, 24, 25, 26,
        27, 28, 29, 30 ]
      ikLinks:
        -
          name: WAIST
          index: 0
          isBaseLink: true
          translation: [ -0.04, 0, 0.75 ]
          rotation: [
            0.990268069, -0.139173101, 0,
            0.139173101, 0.990268069, -0,
            0, 0, 1 ]
        -
          name: R_ANKLE_P
          index: 28
          translation: [ -5.55111512e-16, -0.0769792361, 0.103029643 ]
          rotation: [
            0.971839741, -0.235642775, 7.9636075e-16,
            0.235642775, 0.971839741, 2.04447981e-16,
            -7.7832778e-16, -2.1638397e-19, 1 ]
          isTouching: true
          partingDirection: [ 0, 0, 1 ]
        -
          name: L_ANKLE_P
          index: 34
          translation: [ 1.66533454e-16, 0.08, 0.103343601 ]
          rotation: [
            0.954977622, -0.29667784, -1.06848626e-15,
            0.29667784, 0.954977622, -2.73903654e-16,
            1.37964918e-15, -6.96700332e-17, 1 ]
          isTouching: true
          partingDirection: [ 0, 0, 1 ]
  -
    time: 6.55
    maxTransitionTime: 0.13987892
    refer:
      type: Pose
      name: ""
      joints: [
        0, 1, 2, 3, 4, 5, 8, 9, 10, 11,
        12, 13 ]
      q: [
        0.405092725, 0.021782581, -0.650187669, 1.23588807, -0.0219432099, -0.56979525, 0.342280091, 0.0200723295, -0.677048972, 1.23141757,
        -0.0206900564, -0.538302495 ]
      ikLinks:
        -
          name: R_ANKLE_P
          index: 28
          translation: [ 9.99200722e-16, -0.0769792361, 0.103029643 ]
          rotation: [
            0.971910545, -0.235350572, -3.38043333e-16,
            0.235350572, 0.971910545, -2.55218767e-16,
            4.79839435e-16, 2.0126912e-16, 1 ]
          isTouching: true
          partingDirection: [ 0, 0, 1 ]
        -
          name: L_ANKLE_P
          index: 34
          translation: [ 0.00047327812, 0.0800251947, 0.103399436 ]
          rotation: [
            0.954851136, -0.297084682, 1.06352379e-16,
            0.297084682, 0.954851136, -4.37906401e-16,
            6.95392603e-17, 4.47539906e-16, 1 ]
          isTouching: true
          partingDirection: [ 0, 0, 1 ]
  -
    time: 6.68
    maxTransitionTime: 0.327307535
    refer:
      type: Pose
      name: ""
      joints: [
        0, 1, 2, 3, 4, 5, 8, 9, 10, 11,
        12, 13, 16, 17, 18, 19, 20, 21, 22, 24,
        25, 26, 27, 28, 29, 30 ]
      q: [
        0.729154948, 0.0866962016, -0.567620188, 1.20338793, -0.0822381318, -0.601896234, 0.704604167, 0.0337282484, -0.675004725, 1.1959236,
        -0.0176827164, -0.488179449, -0.0220607025, 1.31911479, 0.273181902, -1.57079633, -0.865076283, 0.295948849, 0.0884142337, -0.77401565,
        0.11129633, 0.455303344, -1.80983051, 1.54803112, -0.604778926, -0.00398576587 ]
      ikLinks:
        -
          name: WAIST
          index: 0
          translation: [ -0.0266624624, -0.0291105309, 0.75 ]
          rotation: [
            0.888021684, 0.458397039, -0.0359116063,
            -0.458342169, 0.888716927, 0.0102313285,
            0.0366052631, 0.00737416196, 0.999302595 ]
        -
          name: R_ANKLE_P
          index: 28
          translation: [ 2.22044605e-15, -0.0769792361, 0.103029643 ]
          rotation: [
            0.971961001, -0.235142113, -2.53166906e-15,
            0.235142113, 0.971961001, -1.09347139e-15,
            2.83658261e-15, 4.47538801e-16, 1 ]
          isTouching: true
          partingDirection: [ 0, 0, 1 ]
        -
          name: L_ANKLE_P
          index: 34
          translation: [ 0.000810895432, 0.0800431676, 0.103439266 ]
          rotation: [
            0.9547608, -0.297374874, 1.72352746e-15,
            0.297374874, 0.9547608, -3.63540771e-16,
            -1.62454992e-15, 8.42858294e-16, 1 ]
          isTouching: true
          partingDirection: [ 0, 0, 1 ]
  -
    time: 6.755
    maxTransitionTime: 0.1030544
    refer:
      type: Pose
      name: ""
      joints: [
        0, 1, 2, 3, 4, 5, 8, 9, 10, 11,
        12, 13, 16, 17, 18, 19, 20, 21, 22, 24,
        25, 26, 27, 28, 29, 30 ]
      q: [
        0.442201727, 0.0375846687, -0.570059455, 1.38423452, -0.0317748653, -0.755915003, 0.329397617, 0.0186730617, -0.718120418, 1.38969036,
        -0.0132635586, -0.612277602, -0.0220607025, 0.833883566, -0.455303344, -0.717102732, -0.0910606339, 0.421951586, 0.0884142337, 0.0455304042,
        -0.307015733, 0.546363978, -1.00735849, 1.35309419, -0.366773786, -0.00398576587 ]
      ikLinks:
        -
          name: R_ANKLE_P
          index: 28
          translation: [ 1.66533454e-15, -0.0769792361, 0.143 ]
          rotation: [
            0.981152762, 0.193233688, -4.93727735e-15,
            -0.193233688, 0.981152762, 3.59500664e-16,
            5.14975894e-15, 6.13271632e-16, 1 ]
        -
          name: L_ANKLE_P
          index: 34
          translation: [ 0.00107989677, 0.0800574878, 0.143 ]
          rotation: [
            0.997783696, 0.0665409395, -3.74820622e-16,
            -0.0665409395, 0.997783696, -1.02539495e-15,
            5.23308488e-16, 1.04856637e-15, 1 ]
  -
    time: 6.83
    maxTransitionTime: 0.430775966
    refer:
      type: Pose
      name: ""
      joints: [
        0, 1, 2, 3, 4, 5, 6, 7, 8, 9,
        10, 11, 12, 13, 14, 15, 16, 17, 18, 19,
        20, 21, 22, 24, 25, 26, 27, 28, 29, 30 ]
      q: [
        0.128051319, -0.00112215025, -0.45570339, 1.19757727, -0.00526558833, -0.667355568, 0, 0.0410667246, -0.0170532151, -0.0715110922,
        -0.5990073, 1.20464445, 0.064232197, -0.531657925, -0.0604542384, 0.109590445, -0.0220607025, 0.347168678, -0.0730603552, -1.468353,
        -1.68038677, 0.547954322, 0.0884142337, 0.0910606339, -0.365507376, -0.219180891, -1.43420529, 0.997196196, -0.604778926, -0.00398576587 ]
      ikLinks:
        -
          name: WAIST
          index: 0
          isBaseLink: true
          translation: [ 0.00493416542, 0.0217601673, 0.75 ]
          rotation: [
            0.857782664, 0.509162169, -0.0704470574,
            -0.508779228, 0.860544745, 0.0246259766,
            0.0731614607, 0.0147182637, 0.997211499 ]
        -
          name: R_ANKLE_P
          index: 28
          translation: [ -0.0141057663, -0.0980877121, 0.103029643 ]
          rotation: [
            0.831441707, 0.555611994, -1.19227848e-15,
            -0.555611994, 0.831441707, -1.50546123e-17,
            9.82868194e-16, 6.89977327e-16, 1 ]
          isTouching: true
          partingDirection: [ 0, 0, 1 ]
        -
          name: L_ANKLE_P
          index: 34
          translation: [ 0.0130844675, 0.107621682, 0.103 ]
          rotation: [
            0.919734889, 0.392540104, -4.14892846e-16,
            -0.392540104, 0.919734889, -1.25413122e-15,
            7.6040852e-18, 1.3411773e-15, 1 ]
          isTouching: true
          partingDirection: [ 0, 0, 1 ]
  -
    time: 7.13
    maxTransitionTime: 0.35280447
    refer:
      type: Pose
      name: ""
      joints: [
        6, 7, 14, 15, 16, 17, 18, 19, 20, 21,
        22, 24, 25, 26, 27, 28, 29, 30 ]
      q: [
        0, 0.0410667246, -0.0604542384, 0.109590445, -0.0220607025, 0.347168678, -0.0730603552, -1.468353, -1.68038677, 0.547954322,
        0.0884142337, 0.0910606339, -0.365507376, -0.219180891, -1.43420529, 0.997196196, -0.604778926, -0.00398576587 ]
      ikLinks:
        -
          name: WAIST
          index: 0
          isBaseLink: true
          translation: [ 0.00493416542, 0.0217601673, 0.740453548 ]
          rotation: [
            0.857782664, 0.509162169, -0.0704470574,
            -0.508779228, 0.860544745, 0.0246259766,
            0.0731614607, 0.0147182637, 0.997211499 ]
  -
    time: 7.43
    maxTransitionTime: 0.35282079
    refer:
      type: Pose
      name: ""
      joints: [
        6, 7, 14, 15, 16, 17, 18, 19, 20, 21,
        22, 24, 25, 26, 27, 28, 29, 30 ]
      q: [
        0, 0.298476609, 0.623260139, -0.00602429135, -0.984036834, 0.0452671183, -0.0541536726, -1.90075503, 0.785621541, 0.0762253629,
        0.10657853, -0.874590201, 0.117440727, 0.134549886, -1.79168158, -1.11511728, 0.113459648, -0.00398576587 ]
      ikLinks:
        -
          name: WAIST
          index: 0
          translation: [ -0.0683096404, 0.0343795997, 0.734967674 ]
          rotation: [
            0.857782664, 0.509162169, -0.0704470574,
            -0.508779228, 0.860544745, 0.0246259766,
            0.0731614607, 0.0147182637, 0.997211499 ]
  -
    time: 7.7
    maxTransitionTime: 0.246188855
    refer:
      type: Pose
      name: ""
      joints: [
        6, 7, 14, 15, 16, 17, 18, 19, 20, 21,
        22, 24, 25, 26, 27, 28, 29, 30 ]
      q: [
        0, -0.00377565266, 0.711563075, -0.0209561415, -1.04628748, 0.308294225, -0.0187393242, -1.18972729, -0.575391848, -0.0212093564,
        0.108069202, -1.05223344, 0.290266692, 0.0782740473, -1.06497267, 0.495565734, 0.0960585468, -0.00398576587 ]
      ikLinks:
        -
          name: WAIST
          index: 0
          isBaseLink: true
          translation: [ -0.0669796142, 0.00690473182, 0.758930789 ]
          rotation: [
            0.811673675, 0.581098659, 0.0592468803,
            -0.576942499, 0.813419789, -0.0740648296,
            -0.0912315581, 0.0259344293, 0.995491943 ]
  -
    time: 7.96
    maxTransitionTime: 0.267560465
    refer:
      type: Pose
      name: ""
      joints: [
        0, 1, 2, 3, 4, 5, 6, 7, 14, 15,
        16, 17, 18, 19, 20, 21, 22, 24, 25, 26,
        27, 28, 29, 30 ]
      q: [
        -0.16398574, 0.334513647, -1.049116, 1.59469638, -0.45585795, -0.773957326, 0, -0.32089148, 0.804208398, -0.0366222807,
        -1.11159936, 0.898166698, -0.267067333, -0.443734021, -2.00333447, -0.152707357, 0.10963318, -1.29177795, 0.471591551, 0.415111952,
        -0.302527094, 2.18545574, 0.0778017286, -0.00398576587 ]
      ikLinks:
        -
          name: WAIST
          index: 0
          isBaseLink: true
          translation: [ -0.12941127, -0.0660046526, 0.779934102 ]
          rotation: [
            0.719934442, 0.673887449, 0.166042483,
            -0.643073025, 0.737680859, -0.205630824,
            -0.261058393, 0.0412632707, 0.964440697 ]
        -
          name: L_ANKLE_P
          index: 34
          translation: [ 0.0393084795, 0.103954853, 0.252993796 ]
          rotation: [
            0.790077362, 0.613007147, -4.38512837e-15,
            -0.613007147, 0.790077362, 1.20212422e-15,
