# Body pose sequence format version 1.0 defined by cnoid-Robotics

type: PoseSeq
name: ""
targetBody: "RHPS1"
refs:
  -
    time: 0
    refer:
      type: Pose
      name: ""
      joints: [
        0, 1, 2, 3, 4, 5, 6, 7, 8, 9,
        10, 11, 12, 13, 14, 15, 16, 17, 18, 19,
        20, 21, 22, 24, 25, 26, 27, 28, 29, 30 ]
      q: [
        -0.0512241866, 0.172417685, -0.237239666, 0.526497194, -0.179791886, -0.284953733, 0, 0, 0.0514060829, -0.172412987,
        -0.237208483, 0.526497239, 0.179829211, -0.284991268, 0, 0, 0.261799388, 0.261799388, -0.0872664626, -0.523598776,
        0, 0.785398163, 0, 0.261799388, -0.261799388, 0.0872664626, -0.523598776, 0, -0.785398163, 0 ]
      ikLinks:
        -
          name: WAIST
          index: 0
          isBaseLink: true
          translation: [ 0, 0, 0.843 ]
          rotation: [
            1, 0, 0,
            0, 1, 0,
            0, 0, 1 ]
        -
          name: R_ANKLE_P
          index: 28
          translation: [ -0.0119507219, -0.2, 0.103343601 ]
          rotation: [
            1, 0, -1.66533454e-16,
            0, 1, 0,
            1.66533454e-16, -0, 1 ]
          isTouching: true
          partingDirection: [ 0, 0, 1 ]
        -
          name: L_ANKLE_P
          index: 34
          translation: [ -0.0119507219, 0.20000001, 0.103343601 ]
          rotation: [
            0.999999976, 0.000193929283, -0.000105936746,
            -0.000193923437, 0.99999998, 5.51946044e-05,
            0.000105947448, -5.51740594e-05, 0.999999993 ]
          isTouching: true
          partingDirection: [ 0, 0, 1 ]
  -
    time: 1
    maxTransitionTime: 1
    refer:
      type: Pose
      name: ""
      joints: [
        0, 1, 2, 3, 4, 5, 6, 7, 8, 9,
        10, 11, 12, 13, 14, 15, 16, 17, 18, 19,
        20, 21, 22, 24, 25, 26, 27, 28, 29, 30 ]
      q: [
        -0.0512241869, 0.172417685, -0.237239667, 0.526497197, -0.179791886, -0.284953735, 0, 0, 0.0510088297, -0.172423187,
        -0.237276625, 0.526497216, 0.179738187, -0.284811162, 0, 0, 0.261799388, 0.261799388, -0.0872664626, -0.523598776,
        0, 0.785398163, 0, 0.261799388, -0.261799388, 0.0872664626, -0.523598776, 0, -0.785398163, 0 ]
      ikLinks:
        -
          name: WAIST
          index: 0
          isBaseLink: true
          translation: [ 1.09576531e-16, -1.52655666e-16, 0.843 ]
          rotation: [
            1, -4.59311083e-18, -3.29676359e-17,
            -4.86714703e-17, 1, -8.33341642e-17,
            1.05910915e-16, -1.14960866e-16, 1 ]
        -
          name: R_ANKLE_P
          index: 28
          translation: [ -0.0119507222, -0.2, 0.103343601 ]
          rotation: [
            1, 2.2789805e-10, 1.84617712e-10,
            -2.27898111e-10, 1, -1.22629836e-10,
            -1.84617661e-10, 1.22629712e-10, 1 ]
          isTouching: true
          partingDirection: [ 0, 0, 1 ]
        -
          name: L_ANKLE_P
          index: 34
          translation: [ -0.0119507219, 0.20000001, 0.103343601 ]
          rotation: [
            0.999999976, 0.000193929346, -0.000105937179,
            -0.0001939235, 0.99999998, 5.5195092e-05,
            0.000105947881, -5.5174547e-05, 0.999999993 ]
          isTouching: true
          partingDirection: [ 0, 0, 1 ]
  -
    time: 2
    maxTransitionTime: 1
    refer:
      type: Pose
      name: ""
      joints: [
        6, 7, 14, 15, 16, 17, 18, 19, 20, 21,
        22, 24, 25, 26, 27, 28, 29, 30 ]
      q: [
        0, -0.129492086, -0.442141366, -0.192549086, 0.261799388, 0.461104644, 0.526233826, -0.714458907, 0.0202683341, 0.0258996389,
        -0.638454181, -2.67352775, -0.261799388, 1.65224508, -0.122173048, -1.4195344, -0.0958696096, 1.27379092 ]
      ikLinks:
        -
          name: WAIST
          index: 0
          isBaseLink: true
          translation: [ 0.0643495051, 0.000825329111, 0.844660895 ]
          rotation: [
            0.919251372, -0.392773946, -0.0265620522,
            0.393670818, 0.917233046, 0.0608837161,
            0.000450054604, -0.0664241443, 0.997791376 ]
  -
    time: 3
    maxTransitionTime: 0.99999912
    refer:
      type: Pose
      name: ""
      joints: [
        6, 7, 14, 15, 16, 17, 18, 19, 20, 21,
        22, 24, 25, 26, 27, 28, 29, 30 ]
      q: [
        0, -0.129492086, -0.442141366, -0.192549086, 0.261799388, 0.461104644, 0.526233826, -0.714458907, 0.0202683341, 0.0258996389,
        -0.638454181, -2.67352775, -0.261799388, 1.65224508, -0.122173048, -1.4195344, -0.0958696096, 1.27379092 ]
      ikLinks:
        -
          name: WAIST
          index: 0
          isBaseLink: true
          translation: [ 0.0643495051, 0.000825329111, 0.844660895 ]
          rotation: [
            0.919251372, -0.392773946, -0.0265620522,
            0.393670818, 0.917233046, 0.0608837161,
            0.000450054604, -0.0664241443, 0.997791376 ]
  -
    time: 3.992
    maxTransitionTime: 1.04655304
    refer:
      type: Pose
      name: ""
      joints: [
        6, 7, 14, 15, 16, 17, 18, 19, 20, 21,
        22, 24, 25, 26, 27, 28, 29, 30 ]
      q: [
        0, -0.129492086, -0.442141366, -0.192549086, 0.668855199, 0.330486471, 0.526233826, -0.714458907, 0.0202683341, 0.0258996389,
        -0.638454181, -2.67352775, -0.201682569, 1.51261874, -0.13962634, -1.18682389, -0.0958696096, 1.27379092 ]
      ikLinks:
        -
          name: WAIST
          index: 0
          isBaseLink: true
          translation: [ 0.0762493725, -0.0269666874, 0.848964283 ]
          rotation: [
            0.919179906, -0.389915941, -0.055442389,
            0.393837644, 0.91018965, 0.128244732,
            0.00045842306, -0.139715281, 0.990191613 ]
  -
    time: 4.27
    maxTransitionTime: 0.278
    refer:
      type: Pose
      name: ""
      joints: [
        6, 7, 14, 15, 16, 17, 18, 19, 20, 21,
        22, 24, 25, 26, 27, 28, 29, 30 ]
      q: [
        0, -0.129492086, -0.255981682, -0.192549086, 0.535234362, 0.651589529, 0.526233826, -0.541052068, 0.0202683341, 0.0258961482,
        -0.638454181, -2.62962946, -0.426635962, 1.65224857, -0.314159265, -1.4195344, -0.0958696096, 1.27379092 ]
      ikLinks:
        -
          name: WAIST
          index: 0
          isBaseLink: true
          translation: [ 0.0762493641, -0.0269666657, 0.84896426 ]
          rotation: [
            0.962117005, -0.26958171, -0.0407009855,
            0.271999442, 0.959313781, 0.0757190387,
            0.0186325483, -0.0839212201, 0.996298177 ]
  -
    time: 4.5
    maxTransitionTime: 0.23
    refer:
      type: Pose
      name: ""
      joints: [
        6, 7, 16, 17, 18, 19, 20, 21, 22, 24,
        25, 26, 27, 28, 29, 30 ]
      q: [
        0, -0.129492086, 0.34906585, 1.40143481, 0.526233826, -0.541052068, 0.0202683341, 0.0258961482, -0.638454181, -2.62962946,
        -0.820304748, 1.65224857, -0.0698131701, -1.4195344, -0.0958696096, 1.27379092 ]
  -
    time: 4.8
    maxTransitionTime: 0.80833461
    refer:
      type: Pose
      name: ""
      joints: [
        6, 7, 14, 15, 16, 17, 18, 19, 20, 21,
        22, 24, 25, 26, 27, 28, 29, 30 ]
      q: [
        0, -0.00599626053, 0.20943951, 0.0116355865, -1.79187142, 1.25146565, -1.34633209, -0.0330793343, 0.442150019, 0.30381819,
        -0.0661468285, -1.97803976, -1.10149666, 1.65224508, -0.00483948196, -1.55916074, -0.0949274301, 1.27553144 ]
      ikLinks:
        -
          name: WAIST
          index: 0
          translation: [ 0.0762493641, -0.0269666657, 0.84896426 ]
          rotation: [
            0.962117005, -0.26958171, -0.0407009855,
            0.271999442, 0.959313781, 0.0757190387,
            0.0186325483, -0.0839212201, 0.996298177 ]
  -
    time: 5.17
    maxTransitionTime: 0.37
    refer:
      type: Pose
      name: ""
      joints: [
        6, 7, 16, 17, 18, 19, 20, 21, 22, 24,
        25, 26, 27, 28, 29, 30 ]
      q: [
        0, -0.00299813026, -2.8157978, 0.670335762, -1.29515924, -0.158860098, -0.116355342, 0.129653791, 0.530933401, -0.162897339,
        -1.40143481, 0.535234362, -0.00474166969, -2.27658086, -0.0949045567, 1.2755737 ]
      ikLinks:
        -
          name: WAIST
          index: 0
          isBaseLink: true
          translation: [ 0.0181694252, -0.00313259262, 0.844034212 ]
          rotation: [
            0.996578736, 0.0779815162, -0.0273807772,
            -0.0779408183, 0.996954721, 0.00255210563,
            0.0274964122, -0.000409294018, 0.999621818 ]
  -
    time: 5.54
    maxTransitionTime: 0.74
    refer:
      type: Pose
      name: ""
      joints: [
        6, 7, 14, 15, 16, 17, 18, 19, 20, 21,
        22, 24, 25, 26, 27, 28, 29, 30 ]
      q: [
        0, -0.0323207052, 0.366181124, -0.0460741024, -2.77366363, 0.351651556, -1.18682389, -0.283837146, -1.23336606, -0.0433977305,
        1.1241984, -0.257985961, -0.464024886, 0.814487042, -0.00464478674, -2.16420827, -0.0948819005, 1.27561555 ]
      ikLinks:
        -
          name: WAIST
          index: 0
          isBaseLink: true
          translation: [ 0.0429088331, 0.0130563525, 0.843007434 ]
          rotation: [
            0.913206064, 0.407498048, -0.000160723678,
            -0.407498042, 0.913206078, 6.72090904e-05,
            0.000174161413, 4.11883544e-06, 0.999999985 ]
  -
    time: 6.04
    maxTransitionTime: 0.5
    refer:
      type: Pose
      name: ""
      joints: [
        6, 7, 14, 15, 16, 17, 18, 19, 20, 21,
        22, 24, 25, 26, 27, 28, 29, 30 ]
      q: [
        0, 0, -0.00392702076, -0.0271496437, -1.51261874, 0.159598143, -1.24398639, -0.284640861, 0.105422599, -0.0445106083,
        1.12801363, -1.55916074, -0.0329673497, 2.1176661, -0.00464385743, -2.99400098, -0.0948816832, 1.27561595 ]
      ikLinks:
        -
          name: WAIST
          index: 0
          isBaseLink: true
          translation: [ -5.68121938e-17, 0, 0.843 ]
          rotation: [
            0.999993337, -0.00365060606, -1.54390389e-16,
            0.00365060606, 0.999993337, -5.55111512e-17,
            -1.16898049e-16, -1.04817696e-16, 1 ]
  -
    time: 6.74
    maxTransitionTime: 0.7
    refer:
      type: Pose
      name: ""
      joints: [
        6, 7, 14, 15, 16, 17, 18, 19, 20, 21,
        22, 24, 25, 26, 27, 28, 29, 30 ]
      q: [
        0, 0, -0.00392702076, -0.127990754, -0.20943951, 0.59750387, -1.24398639, -0.191986218, 0.105422599, -0.0445106083,
        1.12801363, -2.1176661, -0.43135411, 1.46607657, -0.785398163, -2.53654512, -0.00417674743, 1.39042091 ]
      ikLinks:
        -
          name: WAIST
          index: 0
          isBaseLink: true
          translation: [ -5.68121938e-17, 0, 0.843 ]
          rotation: [
            0.999993337, -0.00365060606, -1.54390389e-16,
            0.00365060606, 0.999993337, -5.55111512e-17,
            -1.16898049e-16, -1.04817696e-16, 1 ]
  -
    time: 7
    maxTransitionTime: 0.26
    refer:
      type: Pose
      name: ""
      joints: [
        6, 7, 14, 15, 16, 17, 18, 19, 20, 21,
        22, 24, 25, 26, 27, 28, 29, 30 ]
      q: [
        0, 0, -0.302523679, -0.0426635264, 0.116355342, 0.314159265, -1.24398639, -0.191986218, 0.105422599, -0.0445106083,
        1.12801363, -1.27990806, 0.0795095213, -0.628318531, -0.959931089, -2.8157978, -0.0142225135, 1.39042091 ]
      ikLinks:
        -
          name: WAIST
          index: 0
          isBaseLink: true
          translation: [ -1.12508984e-08, 3.80009784e-08, 0.842999995 ]
          rotation: [
            0.98951309, -0.144443222, -4.60382993e-08,
            0.144443222, 0.98951309, -8.90917995e-08,
            5.84242064e-08, 8.15075816e-08, 1 ]
  -
    time: 7.122
    maxTransitionTime: 0.122025765
    refer:
      type: Pose
      name: ""
      joints: [
        0, 1, 2, 3, 4, 5, 6, 7, 8, 9,
        10, 11, 12, 13, 14, 15, 16, 17, 18, 19,
        20, 21, 22, 24, 25, 26, 27, 28, 29, 30 ]
      q: [
        -0.337183847, 0.178813589, -0.267880346, 0.520326289, -0.184596252, -0.248440893, 0, 0, -0.234158446, -0.175169218,
        -0.195636335, 0.511736754, 0.184103379, -0.311100459, -0.23615453, -0.0426635264, 0.176668319, 0.258401277, -1.33166131, -0.212580587,
        0.105422599, -0.0445106083, 1.12801363, -1.23336606, 0.159597902, -0.20943951, -0.383972435, -1.93149776, -0.0119896387, 1.39042091 ]
      ikLinks:
        -
          name: WAIST
          index: 0
          isBaseLink: true
          translation: [ -8.74948911e-09, 2.95522312e-08, 0.842999996 ]
          rotation: [
            0.957850387, -0.287267535, -2.53109642e-08,
            0.287267535, 0.957850387, -7.37662614e-08,
            4.54347689e-08, 6.33860235e-08, 1 ]
        -
          name: R_ANKLE_P
          index: 28
          translation: [ -0.011950776, -0.199999985, 0.103343603 ]
          rotation: [
            0.999999962, -0.000275602894, -1.08330355e-06,
            0.000275602891, 0.999999962, -2.92913535e-06,
            1.08411079e-06, 2.92883668e-06, 1 ]
          isTouching: true
          partingDirection: [ 0, 0, 1 ]
        -
          name: L_ANKLE_P
          index: 34
          translation: [ -0.0119506663, 0.200000002, 0.103343603 ]
          rotation: [
            0.999999993, -5.09067631e-05, -0.000105702691,
            5.09128511e-05, 0.999999997, 5.75938906e-05,
            0.000105699759, -5.75992719e-05, 0.999999993 ]
          isTouching: true
          partingDirection: [ 0, 0, 1 ]
  -
    time: 7.4
    maxTransitionTime: 0.66
    refer:
      type: Pose
      name: ""
      joints: [
        6, 7, 14, 15, 16, 17, 18, 19, 20, 21,
        22, 24, 25, 26, 27, 28, 29, 30 ]
      q: [
        0, 0, -0.00392702076, -0.0426635264, 0.19541003, 0.234241512, -1.63843831, -0.284640861, 0.105422599, -0.0445106083,
        1.12801363, -1.51947062, 0.154493927, 1.32645023, -0.837758041, -2.84096178, -0.00417674743, 1.39042091 ]
      ikLinks:
        -
          name: WAIST
          index: 0
          isBaseLink: true
          translation: [ 1.80411242e-16, -5.55111512e-17, 0.843 ]
          rotation: [
            0.833360901, -0.552729236, 1.43982049e-16,
            0.552729236, 0.833360901, -8.32667268e-17,
            -1.18670657e-16, 1.20087628e-16, 1 ]
  -
    time: 7.45
    maxTransitionTime: 0.05
    refer:
      type: Pose
      name: ""
      joints: [
        6, 7, 14, 15, 16, 17, 18, 19, 20, 21,
        22, 24, 25, 26, 27, 28, 29, 30 ]
      q: [
        0, 0, -0.00392702076, -0.0426635264, 0.19541003, 0.234241512, -1.63843831, -0.284640861, 0.105422599, -0.0445106083,
        1.12801363, -1.51947062, 0.154493927, 1.32645023, -0.837758041, -2.84096178, -0.00417674743, 1.39042091 ]
      ikLinks:
        -
          name: WAIST
          index: 0
          isBaseLink: true
          translation: [ 2.63677968e-16, -8.32667268e-17, 0.843 ]
          rotation: [
            0.833360901, -0.552729236, 2.53269627e-16,
            0.552729236, 0.833360901, -5.55111512e-17,
            -1.34937011e-16, 9.75981259e-17, 1 ]
  -
    time: 8.14
    maxTransitionTime: 0.74
    refer:
      type: Pose
      name: ""
      joints: [
        6, 7, 14, 15, 16, 17, 18, 19, 20, 21,
        22, 24, 25, 26, 27, 28, 29, 30 ]
      q: [
        0, 0, -0.00392702076, -0.333838027, 0.19541003, 0.234241512, -1.63843831, 0, 0.105422599, -0.0445106083,
        1.12801363, -1.45805975, -0.07045964, 1.14028172, -0.523598776, -1.55916074, -0.00417674743, 1.39042091 ]
      ikLinks:
        -
          name: WAIST
          index: 0
          isBaseLink: true
          translation: [ -2.03155629e-09, 2.51892341e-08, 0.842999975 ]
          rotation: [
            0.999967758, -0.00802407436, 0.000311937324,
            0.00803013418, 0.999234133, -0.0382970529,
            -4.40002138e-06, 0.038298323, 0.99926635 ]
  -
    time: 9.37
    maxTransitionTime: 1.23
    refer:
      type: Pose
      name: ""
      joints: [
        6, 7, 14, 15, 16, 17, 18, 19, 20, 21,
        22, 24, 25, 26, 27, 28, 29, 30 ]
      q: [
        0, 0, -0.00392702076, 0.151261752, 0.19541003, 0.614097413, -1.63843831, -0.284640861, 0.105422599, -0.0445106083,
        1.12801363, -1.45805975, -0.960766229, 0.954113383, -0.907571211, -0.814487042, -0.0866213889, 1.57079982 ]
      ikLinks:
        -
          name: WAIST
          index: 0
          isBaseLink: true
          translation: [ 0.00979670054, -0.0437773142, 0.844694512 ]
          rotation: [
            0.818039674, 0.57426397, 0.032124529,
            -0.575161796, 0.816761336, 0.0457146385,
            1.41965724e-05, -0.0558731898, 0.998437873 ]
  -
    time: 9.8
    maxTransitionTime: 0.43
    refer:
      type: Pose
      name: ""
      joints: [
        6, 7, 14, 15, 16, 17, 18, 19, 20, 21,
        22, 24, 25, 26, 27, 28, 29, 30 ]
      q: [
        0, 0, -0.00392702076, 0.151261752, -1.41179469, 1.41523264, -1.32645023, -0.210009916, 0.439595927, -0.0445106083,
        1.12801363, -1.28125935, -1.41765324, 1.09373972, -0.970675516, -0.862043917, -0.0866213889, 1.57079982 ]
      ikLinks:
        -
          name: WAIST
          index: 0
          isBaseLink: true
          translation: [ 0.00979670054, -0.0437773142, 0.844694512 ]
          rotation: [
            0.818039674, 0.57426397, 0.032124529,
            -0.575161796, 0.816761336, 0.0457146385,
            1.41965724e-05, -0.0558731898, 0.998437873 ]
  -
    time: 9.943
    maxTransitionTime: 0.143139
    refer:
      type: Pose
      name: ""
      joints: [
        6, 7, 14, 15, 16, 17, 18, 19, 20, 21,
        22, 24, 25, 26, 27, 28, 29, 30 ]
      q: [
        0, 0, -0.00392702076, 0.151261752, -1.55916074, 0.651589529, -0.255981682, -1.08210414, 0.105422599, -0.0445106083,
        1.12801363, -1.51261874, -1.36394252, 0.20943951, -1.58824962, -2.0711241, -0.0866213889, 1.57079982 ]
      ikLinks:
        -
          name: WAIST
          index: 0
          isBaseLink: true
          translation: [ 0.00979670054, -0.0437773142, 0.844694512 ]
          rotation: [
            0.818039674, 0.57426397, 0.032124529,
            -0.575161796, 0.816761336, 0.0457146385,
            1.41965724e-05, -0.0558731898, 0.998437873 ]
  -
    time: 10.07
    maxTransitionTime: 0.7
    refer:
      type: Pose
      name: ""
      joints: [
        6, 7, 14, 15, 16, 17, 18, 19, 20, 21,
        22, 24, 25, 26, 27, 28, 29, 30 ]
      q: [
        0, 0, -0.00392702076, 0.151261752, -1.55916074, 0.407889904, -0.255981682, -1.08210414, 0.105422599, -0.0445106083,
        1.12801363, -1.51261874, -0.960766229, 0.20943951, -1.58824962, -2.0711241, -0.0866213889, 1.57079982 ]
      ikLinks:
        -
          name: WAIST
          index: 0
          isBaseLink: true
          translation: [ 0.00979670054, -0.0437773142, 0.844694512 ]
          rotation: [
            0.818039674, 0.57426397, 0.032124529,
            -0.575161796, 0.816761336, 0.0457146385,
            1.41965724e-05, -0.0558731898, 0.998437873 ]
  -
    time: 10.3
    maxTransitionTime: 0.23
    refer:
      type: Pose
      name: ""
      joints: [
        6, 7, 14, 15, 16, 17, 18, 19, 20, 21,
        22, 24, 25, 26, 27, 28, 29, 30 ]
      q: [
        0, 0, -0.00392702076, 0.0677492901, -0.814487042, 0.295413207, -0.811064803, -1.41371669, 0.0869671471, -0.0445106083,
        1.12801363, -0.162897339, -0.407889904, 0.0698131701, -2.28638132, -2.38022885, -0.053518268, 1.49837419 ]
      ikLinks:
        -
          name: WAIST
          index: 0
          isBaseLink: true
          translation: [ 0.00586313546, -0.0261998743, 0.844014133 ]
          rotation: [
            0.817977663, 0.574928297, 0.0192352829,
            -0.575249983, 0.817519747, 0.0273664039,
            8.49637351e-06, -0.0334502033, 0.999440385 ]
  -
    time: 10.457
    maxTransitionTime: 0.157071836
    refer:
      type: Pose
      name: ""
      joints: [
        6, 7, 14, 15, 16, 17, 18, 19, 20, 21,
        22, 24, 25, 26, 27, 28, 29, 30 ]
      q: [
        0, 0, -0.00392702076, -0.0567293618, 0.0232709985, 0.314159265, 0.20943951, -0.890117919, -2.35037678, -0.0445106083,
        1.12801363, -0.247091498, -0.10795193, 0.535234362, -0.925024504, -0.395608022, -0.00417674743, 1.39042091 ]
      ikLinks:
        -
          name: WAIST
          index: 0
          isBaseLink: true
          translation: [ 2.28983499e-16, -2.77555756e-16, 0.843 ]
          rotation: [
            0.817885215, 0.575381416, -1.70002901e-16,
            -0.575381416, 0.817885215, -1.66533454e-16,
            1.64655111e-16, 2.63030781e-16, 1 ]
  -
    time: 10.6
    maxTransitionTime: 0.53
    refer:
      type: Pose
      name: ""
      joints: [
        6, 7, 14, 15, 16, 17, 18, 19, 20, 21,
        22, 24, 25, 26, 27, 28, 29, 30 ]
      q: [
        0, 0, -0.00392702076, -0.0567293618, 0.0232709985, 0.745320168, 0.20943951, -0.506145483, -2.35037678, -0.0445106083,
        1.12801363, -0.247091498, -0.576605123, 0.535234362, -1.16659153, -0.395608022, -0.00417674743, 1.39042091 ]
      ikLinks:
        -
          name: WAIST
          index: 0
          isBaseLink: true
          translation: [ 9.02056208e-17, 1.38777878e-17, 0.843 ]
          rotation: [
            0.817885215, 0.575381416, 1.00613962e-16,
            -0.575381416, 0.817885215, 2.77555756e-17,
            -5.26061562e-17, 3.29310222e-17, 1 ]
  -
    time: 10.97
    maxTransitionTime: 0.37
    refer:
      type: Pose
      name: ""
      joints: [
        6, 7, 14, 15, 16, 17, 18, 19, 20, 21,
        22, 24, 25, 26, 27, 28, 29, 30 ]
      q: [
        0.0333368284, -0.0581775836, 0.20943951, -0.104719755, 0.302523679, 1.77635737, 0.116355342, -0.331612558, 0.488692191, 0.262119763,
        -1.4060049, -2.39691878, -1.17648124, 1.3729924, -0.296705973, 0.721402699, -0.050421864, 1.27561898 ]
  -
    time: 11.4
    maxTransitionTime: 0.43
    refer:
      type: Pose
      name: ""
      joints: [
        6, 7, 14, 15, 16, 17, 18, 19, 20, 21,
        22, 24, 25, 26, 27, 28, 29, 30 ]
      q: [
        0.0333368284, 0.252103211, 0.628318531, 0.111774988, -0.116355342, 1.77635737, 0.116355342, -1.65897558, -0.767944871, 0.448616115,
        -0.10471993, -2.39691878, -1.17648124, 1.3729924, -1.60570291, 0.721402699, -0.050421864, 1.27561898 ]
      ikLinks:
        -
          name: WAIST
          index: 0
          isBaseLink: true
          translation: [ 0.00073495047, -0.0538465311, 0.842999973 ]
          rotation: [
            0.799077827, 0.59571632, -0.0812200255,
            -0.57123418, 0.794390214, 0.206484138,
            0.187526364, -0.118601242, 0.97507313 ]
  -
    time: 12.05
    maxTransitionTime: 1.4
    refer:
      type: Pose
      name: ""
      joints: [
        6, 7, 14, 15, 16, 17, 18, 19, 20, 21,
        22, 24, 25, 26, 27, 28, 29, 30 ]
      q: [
        0.0333368284, 0.252103211, 0.628318531, 0.111774988, -0.116355342, 1.77635737, 0.116355342, -1.65897558, -0.767944871, 0.448616115,
        -0.10471993, -2.39691878, -1.17648124, 1.3729924, -1.60570291, 0.721402699, -0.050421864, 1.27561898 ]
      ikLinks:
        -
          name: WAIST
          index: 0
          isBaseLink: true
          translation: [ 0.00073495047, -0.0538465311, 0.842999973 ]
          rotation: [
            0.799077827, 0.59571632, -0.0812200255,
            -0.57123418, 0.794390214, 0.206484138,
            0.187526364, -0.118601242, 0.97507313 ]
