# Body pose sequence format version 1.0 defined by cnoid-Robotics

type: PoseSeq
name: ""
targetBody: "RHPS1"
refs:
  -
    time: 0
    refer:
      type: Pose
      name: ""
      joints: [
        0, 1, 2, 3, 4, 5, 6, 7, 8, 9,
        10, 11, 12, 13, 14, 15, 16, 17, 18, 19,
        20, 21, 22, 24, 25, 26, 27, 28, 29, 30 ]
      q: [
        -0.0512241869, 0.172417685, -0.237239667, 0.526497197, -0.179791886, -0.284953735, 0, 0, 0.0510088297, -0.172423187,
        -0.237276625, 0.526497216, 0.179738187, -0.284811162, 0, 0, 0.261799388, 0.261799388, -0.0872664626, -0.523598776,
        0, 0.785398163, 0, 0.261799388, -0.261799388, 0.0872664626, -0.523598776, 0, -0.785398163, 0 ]
      ikLinks:
        -
          name: WAIST
          index: 0
          isBaseLink: true
          translation: [ 7.5, -1, 0.843 ]
          rotation: [
            1, 0, 0,
            0, 1, 0,
            0, 0, 1 ]
        -
          name: R_ANKLE_P
          index: 28
          translation: [ 7.48804928, -1.2, 0.103343601 ]
          rotation: [
            1, 1.57960789e-17, -2.30352182e-16,
            -5.49107101e-18, 1, 8.73755314e-17,
            1.79313594e-16, 9.27808955e-18, 1 ]
          isTouching: true
          partingDirection: [ 0, 0, 1 ]
        -
          name: L_ANKLE_P
          index: 34
          translation: [ 7.48804928, -0.79999999, 0.103343601 ]
          rotation: [
            0.999999976, 0.000193929283, -0.000105936746,
            -0.000193923437, 0.99999998, 5.51946044e-05,
            0.000105947448, -5.51740594e-05, 0.999999993 ]
          isTouching: true
          partingDirection: [ 0, 0, 1 ]
  -
    time: 0.8
    maxTransitionTime: 0.8
    refer:
      type: Pose
      name: ""
      joints: [
        0, 1, 2, 3, 4, 5, 6, 7, 8, 9,
        10, 11, 12, 13, 14, 15, 16, 17, 18, 19,
        20, 21, 22, 24, 25, 26, 27, 28, 29, 30 ]
      q: [
        -0.19436714, 0.210262652, -0.629458235, 1.38496845, -0.285268837, -0.735068346, 0, 0, 0.194117216, -0.210278053,
        -0.629510408, 1.38496846, 0.285201569, -0.73490937, 0, 0, 0.261799388, 0.261799388, -0.0872664626, -0.523598776,
        0, 0.785398163, 0, 0.261799388, -0.261799388, 0.0872664626, -0.523598776, 0, -0.785398163, 0 ]
      ikLinks:
        -
          name: WAIST
          index: 0
          isBaseLink: true
          translation: [ 7.5, -1, 0.75 ]
          rotation: [
            1, 0, 0,
            0, 1, 0,
            -0, 0, 1 ]
        -
          name: R_ANKLE_P
          index: 28
          translation: [ 7.48804928, -1.2, 0.103343601 ]
          rotation: [
            1, 5.26638848e-17, -1.78183734e-16,
            -1.65038125e-17, 1, -1.84048802e-16,
            2.33694886e-16, 2.10682701e-16, 1 ]
          isTouching: true
          partingDirection: [ -0.000503973309, -0.0042750049, 0.999990735 ]
        -
          name: L_ANKLE_P
          index: 34
          translation: [ 7.48804928, -0.79999999, 0.103343601 ]
          rotation: [
            0.999999976, 0.000193929283, -0.000105936746,
            -0.000193923437, 0.99999998, 5.51946044e-05,
            0.000105947448, -5.51740594e-05, 0.999999993 ]
          isTouching: true
          partingDirection: [ -4.27139912e-05, 0.00539866991, 0.999985426 ]
  -
    time: 1
    maxTransitionTime: 0.2
    refer:
      type: Pose
      name: ""
      joints: [
        0, 1, 2, 3, 4, 5, 6, 7, 8, 9,
        10, 11, 12, 13, 14, 15, 16, 17, 18, 19,
        20, 21, 22, 24, 25, 26, 27, 28, 29, 30 ]
      q: [
        -0.357058515, 0.42554833, -0.387510038, 1.12198318, -0.548312046, -0.656700602, 0, 0, -0.046497347, 0.0519786135,
        -0.681862404, 1.41223909, -0.0697268372, -0.729167759, 0, 0, 0.261799388, 0.261799388, -0.0872664626, -0.523598776,
        0, 0.785398163, 0, 0.261799388, -0.261799388, 0.0872664626, -0.523598776, 0, -0.785398163, 0 ]
      ikLinks:
        -
          name: WAIST
          index: 0
          isBaseLink: true
          translation: [ 7.5, -1.14904151, 0.75 ]
          rotation: [
            1, 0, 0,
            0, 1, 0,
            0, 0, 1 ]
        -
          name: R_ANKLE_P
          index: 28
          translation: [ 7.48804928, -1.2, 0.103343601 ]
          rotation: [
            1, 6.49829716e-17, -5.18517185e-17,
            -6.20049158e-17, 1, -1.66937714e-16,
            1.4238607e-16, 1.71961879e-16, 1 ]
          isTouching: true
          partingDirection: [ -0.000503973309, -0.0042750049, 0.999990735 ]
        -
          name: L_ANKLE_P
          index: 34
          translation: [ 7.48804928, -0.79999999, 0.103343601 ]
          rotation: [
            0.999999976, 0.000193929283, -0.000105936746,
            -0.000193923437, 0.99999998, 5.51946044e-05,
            0.000105947448, -5.51740594e-05, 0.999999993 ]
          isTouching: true
          partingDirection: [ -4.27139912e-05, 0.00539866991, 0.999985426 ]
  -
    time: 1.15
    maxTransitionTime: 0.15
    refer:
      type: Pose
      name: ""
      joints: [
        0, 1, 2, 3, 4, 5, 6, 7, 14, 15,
        16, 17, 18, 19, 20, 21, 22, 24, 25, 26,
        27, 28, 29, 30 ]
      q: [
        -0.290238922, 0.250287835, -0.578286584, 1.45628465, -0.380820495, -0.841370056, 0, 0, 0, 0,
        0.261799388, 0.261799388, -0.0872664626, -0.523598776, 0, 0.785398163, 0, 0.261799388, -0.261799388, 0.0872664626,
        -0.523598776, 0, -0.785398163, 0 ]
      ikLinks:
        -
          name: WAIST
          index: 0
          isBaseLink: true
          translation: [ 7.56909742, -1.14871235, 0.75 ]
          rotation: [
            1, 0, 0,
            0, 1, 0,
            -0, 0, 1 ]
        -
          name: L_ANKLE_P
          index: 34
          translation: [ 7.52988561, -0.919638674, 0.133 ]
          rotation: [
            0.999999976, 0.000193929283, -0.000105936746,
            -0.000193923437, 0.99999998, 5.51946044e-05,
            0.000105947448, -5.51740594e-05, 0.999999993 ]
  -
    time: 1.3
    maxTransitionTime: 0.15
    refer:
      type: Pose
      name: ""
      joints: [
        0, 1, 2, 3, 4, 5, 6, 7, 14, 15,
        16, 17, 18, 19, 20, 21, 22, 24, 25, 26,
        27, 28, 29, 30 ]
      q: [
        -0.0245750232, 0.0239818377, -0.645031386, 1.43768279, -0.0342359748, -0.792465639, 0, 0, 0, 0,
        0.261799388, 0.261799388, -0.0872664626, -0.523598776, 0, 0.785398163, 0, 0.261799388, -0.261799388, 0.0872664626,
        -0.523598776, 0, -0.785398163, 0 ]
      ikLinks:
        -
          name: WAIST
          index: 0
          isBaseLink: true
          translation: [ 7.6, -1.1007584, 0.75 ]
          rotation: [
            1, 0, 0,
            0, 1, 0,
            -0, 0, 1 ]
        -
          name: L_ANKLE_P
          index: 34
          translation: [ 7.56037284, -1.00682252, 0.103362678 ]
          rotation: [
            0.999999976, 0.000193929283, -0.000105936746,
            -0.000193923437, 0.99999998, 5.51946044e-05,
            0.000105947448, -5.51740594e-05, 0.999999993 ]
          isTouching: true
          partingDirection: [ 0.000105950509, -5.51733546e-05, 0.999999993 ]
  -
    time: 1.4
    maxTransitionTime: 0.1
    refer:
      type: Pose
      name: ""
      joints: [
        0, 1, 2, 3, 4, 5, 6, 7, 8, 9,
        10, 11, 12, 13, 14, 15, 16, 17, 18, 19,
        20, 21, 22, 24, 25, 26, 27, 28, 29, 30 ]
      q: [
        -0.0124386992, 0.0209404561, -0.404203565, 0.932236374, -0.0243049175, -0.528010883, 0, 0, 0.0187313975, -0.0267004025,
        -0.26558941, 0.877458971, 0.0326143123, -0.611619471, 0, 0, 0.261799388, 0.261799388, -0.0872664626, -0.523598776,
        0, 0.785398163, 0, 0.261799388, -0.261799388, 0.0872664626, -0.523598776, 0, -0.785398163, 0 ]
      ikLinks:
        -
          name: WAIST
          index: 0
          isBaseLink: true
          translation: [ 7.6, -1.1007584, 0.7 ]
          rotation: [
            1, 0, 0,
            0, 1, 0,
            -0, 0, 1 ]
        -
          name: R_ANKLE_P
          index: 28
          translation: [ 7.48804928, -1.2, 0.103343601 ]
          rotation: [
            1, 5.57851488e-17, -5.23419695e-17,
            -4.21003544e-17, 1, -1.44947655e-16,
            2.18875423e-16, 1.68271133e-16, 1 ]
          isTouching: true
          partingDirection: [ -0.000503973309, -0.0042750049, 0.999990735 ]
        -
          name: L_ANKLE_P
          index: 34
          translation: [ 7.56037284, -1.00682252, 0.103362678 ]
          rotation: [
            0.999999976, 0.000193929283, -0.000105936746,
            -0.000193923437, 0.99999998, 5.51946044e-05,
            0.000105947448, -5.51740594e-05, 0.999999993 ]
          isTouching: true
          partingDirection: [ 0.000105950509, -5.51733546e-05, 0.999999993 ]
  -
    time: 1.5
    maxTransitionTime: 0.1
    refer:
      type: Pose
      name: ""
      joints: [
        0, 1, 2, 3, 4, 5, 6, 7, 8, 9,
        10, 11, 12, 13, 14, 15, 16, 17, 18, 19,
        20, 21, 22, 24, 25, 26, 27, 28, 29, 30 ]
      q: [
        -0.0140049535, 0.017571552, -0.0896882662, 0.754359836, -0.0223925499, -0.664656553, 0, 0, 0.0178843712, -0.0328643805,
        -0.629014755, 1.12750447, 0.0374139423, -0.498195805, 0, 0, 0.261799388, 0.261799388, -0.0872664626, -0.523598776,
        0, 0.785398163, 0, 0.261799388, -0.261799388, 0.0872664626, -0.523598776, 0, -0.785398163, 0 ]
      ikLinks:
        -
          name: WAIST
          index: 0
          isBaseLink: true
          translation: [ 7.75, -1.1007584, 0.7 ]
          rotation: [
            1, 0, 0,
            0, 1, 0,
            -0, 0, 1 ]
        -
          name: R_ANKLE_P
          index: 28
          translation: [ 7.79004007, -1.2, 0.138218796 ]
          rotation: [
            1, -1.70418519e-17, -3.66366283e-16,
            8.08754786e-18, 1, -1.16304327e-16,
            4.77388586e-16, 1.16374521e-16, 1 ]
        -
          name: L_ANKLE_P
          index: 34
          translation: [ 7.56037284, -1.00682252, 0.103362678 ]
          rotation: [
            0.999999976, 0.000193929283, -0.000105936746,
            -0.000193923437, 0.99999998, 5.51946044e-05,
            0.000105947448, -5.51740594e-05, 0.999999993 ]
          isTouching: true
          partingDirection: [ 0.000105950509, -5.51733546e-05, 0.999999993 ]
  -
    time: 1.6
    maxTransitionTime: 0.1
    refer:
      type: Pose
      name: ""
      joints: [
        0, 1, 2, 3, 4, 5, 6, 7, 8, 9,
        10, 11, 12, 13, 14, 15, 16, 17, 18, 19,
        20, 21, 22, 24, 25, 26, 27, 28, 29, 30 ]
      q: [
        -0.0387465753, 0.0346881973, -0.659918365, 1.49758684, -0.0518923218, -0.837106671, 0, 0, -0.130018264, -0.0559919517,
        -0.838154918, 1.0463446, -0.551100438, -0.251062234, 0, 0, 0.261799388, 0.261799388, -0.0872664626, -0.523598776,
        0, 0.785398163, 0, 0.261799388, -0.261799388, 0.0872664626, -0.523598776, 0, -0.785398163, 0 ]
      ikLinks:
        -
          name: WAIST
          index: 0
          isBaseLink: true
          translation: [ 7.9, -1.1, 0.7 ]
          rotation: [
            1, 2.62396885e-16, -1.24075308e-16,
            -2.62396885e-16, 1, 3.89328453e-16,
            1.24075308e-16, -3.89328453e-16, 1 ]
        -
          name: R_ANKLE_P
          index: 28
          translation: [ 8.08728613, -1.23795754, 0.102922094 ]
          rotation: [
            0.999999721, -0.000747293358, -3.9205551e-11,
            0.000619534294, 0.829037341, 0.559192903,
            -0.00041788111, -0.559192747, 0.829037573 ]
        -
          name: L_ANKLE_P
          index: 34
          translation: [ 7.85392917, -0.99998137, 0.169989822 ]
          rotation: [
            0.999999976, 0.000193929283, -0.000105936746,
            -0.000193923437, 0.99999998, 5.51946044e-05,
            0.000105947448, -5.51740594e-05, 0.999999993 ]
  -
    time: 1.69
    maxTransitionTime: 0.1513081
    refer:
      type: Pose
      name: ""
      joints: [
        0, 1, 2, 3, 4, 5, 6, 7, 8, 9,
        10, 11, 12, 13, 14, 15, 16, 17, 18, 19,
        20, 21, 22, 24, 25, 26, 27, 28, 29, 30 ]
      q: [
        -0.0388902319, 0.0343500186, -0.651793862, 1.49617075, -0.0517738642, -0.843819149, 0, 0, -0.113618373, -0.118849797,
        -0.701761995, 0.905904577, -0.486229895, -0.244756038, 0, 0, 0.261799388, 0.261799388, -0.0872664626, -0.523598776,
        0, 0.785398163, 0, 0.261799388, -0.261799388, 0.0872664626, -0.523598776, 0, -0.785398163, 0 ]
      ikLinks:
        -
          name: WAIST
          index: 0
          isBaseLink: true
          translation: [ 8, -1.1, 0.7 ]
          rotation: [
            1, 2.62396885e-16, -1.24075308e-16,
            -2.62396885e-16, 1, 3.89328453e-16,
            1.24075308e-16, -3.89328453e-16, 1 ]
        -
          name: R_ANKLE_P
          index: 28
          translation: [ 8.14995853, -1.27199245, 0.0719675185 ]
          rotation: [
            0.999999721, -0.000747293358, -3.92053281e-11,
            0.000619534294, 0.829037341, 0.559192903,
            -0.00041788111, -0.559192747, 0.829037573 ]
          isTouching: true
          partingDirection: [ -4.04154374e-06, -0.00540933648, 0.999985369 ]
        -
          name: L_ANKLE_P
          index: 34
          translation: [ 7.95, -1, 0.17 ]
          rotation: [
            0.999999976, 0.000193929283, -0.000105936746,
            -0.000193923437, 0.99999998, 5.51946044e-05,
            0.000105947448, -5.51740594e-05, 0.999999993 ]
  -
    time: 1.733
    maxTransitionTime: 0.043
    refer:
      type: Pose
      name: ""
      joints: [
        0, 1, 2, 3, 4, 5, 6, 7, 14, 15,
        16, 17, 18, 19, 20, 21, 22, 24, 25, 26,
        27, 28, 29, 30 ]
      q: [
        -0.0285879845, 0.0580798055, -0.785605049, 1.68021691, -0.0363522631, -0.89335926, 0, 0, 0, 0,
        0.261799388, 0.261799388, -0.0872664626, -0.523598776, 0, 0.785398163, 0, 0.261799388, -0.261799388, 0.0872664626,
        -0.523598776, 0, -0.785398163, 0 ]
      ikLinks:
        -
          name: WAIST
          index: 0
          isBaseLink: true
          translation: [ 8.05662214, -1.1, 0.7 ]
          rotation: [
            1, 2.62396885e-16, -1.24075308e-16,
            -2.62396885e-16, 1, 3.89328453e-16,
            1.24075308e-16, -3.89328453e-16, 1 ]
        -
          name: L_ANKLE_P
          index: 34
          translation: [ 8.03125219, -0.991412026, 0.166007475 ]
          rotation: [
            0.999999973, 0.000219069069, -7.94962006e-05,
            -0.000221738905, 0.999376661, -0.0353021218,
            7.17130446e-05, 0.0353021385, 0.999376683 ]
  -
    time: 1.766
    maxTransitionTime: 0.033
    refer:
      type: Pose
      name: ""
      joints: [
        0, 1, 2, 3, 4, 5, 6, 7, 14, 15,
        16, 17, 18, 19, 20, 21, 22, 24, 25, 26,
        27, 28, 29, 30 ]
      q: [
        0.00334145389, 0.0889084531, -0.830807408, 1.65459453, 0.00486676663, -0.824150689, 0, 0, 0, 0,
        0.261799388, 0.261799388, -0.0872664626, -0.523598776, 0, 0.785398163, 0, 0.261799388, -0.261799388, 0.0872664626,
        -0.523598776, 0, -0.785398163, 0 ]
      ikLinks:
        -
          name: WAIST
          index: 0
          isBaseLink: true
          translation: [ 8.10241143, -1.1, 0.7 ]
          rotation: [
            1, 2.62396885e-16, -1.24075308e-16,
            -2.62396885e-16, 1, 3.89328453e-16,
            1.24075308e-16, -3.89328453e-16, 1 ]
        -
          name: L_ANKLE_P
          index: 34
          translation: [ 8.10397747, -0.976722785, 0.15958312 ]
          rotation: [
            0.999999968, 0.000243601307, -6.17726225e-05,
            -0.000248254572, 0.995751217, -0.092083941,
            3.90783957e-05, 0.0920839534, 0.995751246 ]
  -
    time: 1.8
    maxTransitionTime: 0.14342497
    refer:
      type: Pose
      name: ""
      joints: [
        0, 1, 2, 3, 4, 5, 6, 7, 14, 15,
        16, 17, 18, 19, 20, 21, 22, 24, 25, 26,
        27, 28, 29, 30 ]
      q: [
        0.0386116541, 0.114096095, -0.77074154, 1.40957542, 0.0643532512, -0.644263069, 0, 0, 0, 0,
        0.261799388, 0.261799388, -0.0872664626, -0.523598776, 0, 0.785398163, 0, 0.261799388, -0.261799388, 0.0872664626,
        -0.523598776, 0, -0.785398163, 0 ]
      ikLinks:
        -
          name: WAIST
          index: 0
          isBaseLink: true
          translation: [ 8.15, -1.1, 0.7 ]
          rotation: [
            1, 2.62396885e-16, -1.24075308e-16,
            -2.62396885e-16, 1, 3.89328453e-16,
            1.24075308e-16, -3.89328453e-16, 1 ]
        -
          name: L_ANKLE_P
          index: 34
          translation: [ 8.18371471, -0.956345468, 0.15129136 ]
          rotation: [
            0.999999962, 0.000271390138, -5.03923455e-05,
            -0.000275984604, 0.986309589, -0.164903966,
            4.94914352e-06, 0.164903973, 0.986309627 ]
  -
    time: 1.833
    maxTransitionTime: 0.033
    refer:
      type: Pose
      name: ""
      joints: [
        0, 1, 2, 3, 4, 5, 6, 7, 14, 15,
        16, 17, 18, 19, 20, 21, 22, 24, 25, 26,
        27, 28, 29, 30 ]
      q: [
        0.0607407254, 0.168519023, -0.921331808, 1.54730896, 0.101083476, -0.638641042, 0, 0, 0, 0,
        0.261799388, 0.261799388, -0.0872664626, -0.523598776, 0, 0.785398163, 0, 0.261799388, -0.261799388, 0.0872664626,
        -0.523598776, 0, -0.785398163, 0 ]
      ikLinks:
        -
          name: WAIST
          index: 0
          isBaseLink: true
          translation: [ 8.19424128, -1.1, 0.7 ]
          rotation: [
            1, 2.62396885e-16, -1.24075308e-16,
            -2.62396885e-16, 1, 3.89328453e-16,
            1.24075308e-16, -3.89328453e-16, 1 ]
        -
          name: L_ANKLE_P
          index: 34
          translation: [ 8.2647012, -0.930110095, 0.142762436 ]
          rotation: [
            0.999999952, 0.0003085122, -4.1680481e-05,
            -0.000309230187, 0.968891511, -0.247485645,
            -3.59684766e-05, 0.247485646, 0.968891559 ]
  -
    time: 1.866
    maxTransitionTime: 0.033
    refer:
      type: Pose
      name: ""
      joints: [
        0, 1, 2, 3, 4, 5, 6, 7, 14, 15,
        16, 17, 18, 19, 20, 21, 22, 24, 25, 26,
        27, 28, 29, 30 ]
      q: [
        0.0752230023, 0.211430209, -0.951622609, 1.46277379, 0.146192759, -0.531622585, 0, 0, 0, 0,
        0.261799388, 0.261799388, -0.0872664626, -0.523598776, 0, 0.785398163, 0, 0.261799388, -0.261799388, 0.0872664626,
        -0.523598776, 0, -0.785398163, 0 ]
      ikLinks:
        -
          name: WAIST
          index: 0
          isBaseLink: true
          translation: [ 8.23820481, -1.1, 0.7 ]
          rotation: [
            1, 2.62396885e-16, -1.24075308e-16,
            -2.62396885e-16, 1, 3.89328453e-16,
            1.24075308e-16, -3.89328453e-16, 1 ]
        -
          name: L_ANKLE_P
          index: 34
          translation: [ 8.3466903, -0.901774405, 0.133728421 ]
          rotation: [
            0.999999932, 0.000367843318, -2.93048218e-05,
            -0.000356723875, 0.943334338, -0.331843637,
            -9.44222196e-05, 0.331843624, 0.943334405 ]
  -
    time: 1.9
    maxTransitionTime: 0.13754249
    refer:
      type: Pose
      name: ""
      joints: [
        0, 1, 2, 3, 4, 5, 6, 7, 14, 15,
        16, 17, 18, 19, 20, 21, 22, 24, 25, 26,
        27, 28, 29, 30 ]
      q: [
        0.0636180697, 0.244141658, -0.81483583, 1.09356613, 0.211634145, -0.300370792, 0, 0, 0, 0,
        0.261799388, 0.261799388, -0.0872664626, -0.523598776, 0, 0.785398163, 0, 0.261799388, -0.261799388, 0.0872664626,
        -0.523598776, 0, -0.785398163, 0 ]
      ikLinks:
        -
          name: WAIST
          index: 0
          isBaseLink: true
          translation: [ 8.3, -1.1, 0.7 ]
          rotation: [
            1, 2.62396885e-16, -1.24075308e-16,
            -2.62396885e-16, 1, 3.89328453e-16,
            1.24075308e-16, -3.89328453e-16, 1 ]
        -
          name: L_ANKLE_P
          index: 34
          translation: [ 8.45344855, -0.86657717, 0.119525519 ]
          rotation: [
            0.999999891, 0.000467405774, -1.94865816e-05,
            -0.000429899331, 0.901733365, -0.43229244,
            -0.000184484282, 0.432292401, 0.901733467 ]
  -
    time: 2
    maxTransitionTime: 0.1
    refer:
      type: Pose
      name: ""
      joints: [
        0, 1, 2, 3, 4, 5, 6, 7, 8, 9,
        10, 11, 12, 13, 14, 15, 16, 17, 18, 19,
        20, 21, 22, 24, 25, 26, 27, 28, 29, 30 ]
      q: [
        0.0538730441, 0.142225086, -0.738274629, 0.841950925, 0.454001196, -0.12338447, 0, 0, -0.297183301, -0.265904631,
        -0.454325362, 1.08812019, -0.423704448, -0.759915383, 0, 0, 0.261799388, 0.261799388, -0.0872664626, -0.523598776,
        0, 0.785398163, 0, 0.261799388, -0.261799388, 0.0872664626, -0.523598776, 0, -0.785398163, 0 ]
      ikLinks:
        -
          name: WAIST
          index: 0
          isBaseLink: true
          translation: [ 8.45, -1, 0.7 ]
          rotation: [
            1, 2.62396885e-16, -1.24075308e-16,
            -2.62396885e-16, 1, 3.89328453e-16,
            1.24075308e-16, -3.89328453e-16, 1 ]
        -
          name: R_ANKLE_P
          index: 28
          translation: [ 8.35, -1.218, 0.103 ]
          rotation: [
            0.999999721, -0.000747293358, -3.92055273e-11,
            0.000619534294, 0.829037341, 0.559192903,
            -0.00041788111, -0.559192747, 0.829037573 ]
        -
          name: L_ANKLE_P
          index: 34
          translation: [ 8.64996521, -0.820591345, 0.0769698089 ]
          rotation: [
            0.999999721, 0.000747293358, -3.92059885e-11,
            -0.000619534294, 0.829037341, -0.559192903,
            -0.00041788111, 0.559192747, 0.829037573 ]
  -
    time: 2.1
    maxTransitionTime: 0.14631296
    refer:
      type: Pose
      name: ""
      joints: [
        0, 1, 2, 3, 4, 5, 6, 7, 8, 9,
        10, 11, 12, 13, 14, 15, 16, 17, 18, 19,
        20, 21, 22, 24, 25, 26, 27, 28, 29, 30 ]
      q: [
        0.114971963, 0.125818488, -0.708601728, 0.916244587, 0.479500317, -0.249274529, 0, 0, 0.0355252711, -0.0344304168,
        -0.651927678, 1.49619057, 0.0490506154, -0.883687261, 0, 0, 0.261799388, 0.261799388, -0.0872664626, -0.523598776,
        0, 0.785398163, 0, 0.261799388, -0.261799388, 0.0872664626, -0.523598776, 0, -0.785398163, 0 ]
      ikLinks:
        -
          name: WAIST
          index: 0
          isBaseLink: true
          translation: [ 8.6, -0.900128457, 0.7 ]
          rotation: [
            1, 2.62396885e-16, -1.24075308e-16,
            -2.62396885e-16, 1, 3.89328453e-16,
            1.24075308e-16, -3.89328453e-16, 1 ]
        -
          name: R_ANKLE_P
          index: 28
          translation: [ 8.55, -1, 0.17 ]
          rotation: [
            0.99919598, 0.00113273314, -0.0400762977,
            -0.00105843673, 0.999997682, 0.00187504304,
            0.0400783287, -0.00183111724, 0.999194863 ]
        -
          name: L_ANKLE_P
          index: 34
          translation: [ 8.75, -0.723779348, 0.0743400562 ]
          rotation: [
            1, -4.0521413e-15, -2.82222269e-15,
            1.85905438e-15, 0.829037573, -0.559192903,
            4.69520696e-15, 0.559192903, 0.829037573 ]
          isTouching: true
          partingDirection: [ -1.35399358e-17, 0.00540928811, 0.99998537 ]
  -
    time: 2.133
    maxTransitionTime: 0.033
    refer:
      type: Pose
      name: ""
      joints: [
        6, 7, 8, 9, 10, 11, 12, 13, 14, 15,
        16, 17, 18, 19, 20, 21, 22, 24, 25, 26,
        27, 28, 29, 30 ]
      q: [
        0, 0, 0.0367647049, -0.0605077525, -0.819061483, 1.68612507, 0.0508772552, -0.903696796, 0, 0,
        0.261799388, 0.261799388, -0.0872664626, -0.523598776, 0, 0.785398163, 0, 0.261799388, -0.261799388, 0.0872664626,
        -0.523598776, 0, -0.785398163, 0 ]
      ikLinks:
        -
          name: WAIST
          index: 0
          isBaseLink: true
          translation: [ 8.6495, -0.900128457, 0.7 ]
          rotation: [
            1, 2.62396885e-16, -1.24075308e-16,
            -2.62396885e-16, 1, 3.89328453e-16,
            1.24075308e-16, -3.89328453e-16, 1 ]
        -
          name: R_ANKLE_P
          index: 28
          translation: [ 8.63907828, -1.00948426, 0.167085114 ]
          rotation: [
            0.999265142, 0.002032697, -0.0382758912,
            -0.000976086151, 0.999618471, 0.0276036055,
            0.0383173976, -0.0275459602, 0.998885878 ]
  -
    time: 2.166
    maxTransitionTime: 0.033
    refer:
      type: Pose
      name: ""
      joints: [
        6, 7, 8, 9, 10, 11, 12, 13, 14, 15,
        16, 17, 18, 19, 20, 21, 22, 24, 25, 26,
        27, 28, 29, 30 ]
      q: [
        0, 0, 0.0141238701, -0.106912486, -0.900732843, 1.64861268, 0.0263499536, -0.780479203, 0, 0,
        0.261799388, 0.261799388, -0.0872664626, -0.523598776, 0, 0.785398163, 0, 0.261799388, -0.261799388, 0.0872664626,
        -0.523598776, 0, -0.785398163, 0 ]
      ikLinks:
        -
          name: WAIST
          index: 0
          isBaseLink: true
          translation: [ 8.699, -0.900128457, 0.7 ]
          rotation: [
            1, 2.62396885e-16, -1.24075308e-16,
            -2.62396885e-16, 1, 3.89328453e-16,
            1.24075308e-16, -3.89328453e-16, 1 ]
        -
          name: R_ANKLE_P
          index: 28
          translation: [ 8.73706166, -1.03161669, 0.160282944 ]
          rotation: [
            0.999414379, 0.00384937578, -0.0340012034,
            -0.000858398413, 0.996160033, 0.0875468596,
            0.0342076407, -0.0874664037, 0.995579964 ]
  -
    time: 2.2
    maxTransitionTime: 0.15023396
    refer:
      type: Pose
      name: ""
      joints: [
        6, 7, 8, 9, 10, 11, 12, 13, 14, 15,
        16, 17, 18, 19, 20, 21, 22, 24, 25, 26,
        27, 28, 29, 30 ]
      q: [
        0, 0, -0.0188449425, -0.144263602, -0.848760325, 1.37133507, -0.0261966103, -0.553813779, 0, 0,
        0.261799388, 0.261799388, -0.0872664626, -0.523598776, 0, 0.785398163, 0, 0.261799388, -0.261799388, 0.0872664626,
        -0.523598776, 0, -0.785398163, 0 ]
      ikLinks:
        -
          name: WAIST
          index: 0
          isBaseLink: true
          translation: [ 8.75, -0.900128457, 0.7 ]
          rotation: [
            1, 2.62396885e-16, -1.24075308e-16,
            -2.62396885e-16, 1, 3.89328453e-16,
            1.24075308e-16, -3.89328453e-16, 1 ]
        -
          name: R_ANKLE_P
          index: 28
          translation: [ 8.83897982, -1.06087265, 0.151291435 ]
          rotation: [
            0.999585665, 0.00550894098, -0.028251538,
            -0.00073529438, 0.986080663, 0.166266008,
            0.028774245, -0.166176345, 0.985676146 ]
  -
    time: 2.233
    maxTransitionTime: 0.033
    refer:
      type: Pose
      name: ""
      joints: [
        6, 7, 8, 9, 10, 11, 12, 13, 14, 15,
        16, 17, 18, 19, 20, 21, 22, 24, 25, 26,
        27, 28, 29, 30 ]
      q: [
        0, 0, -0.0319044975, -0.226790283, -0.998449694, 1.44601906, -0.0562080449, -0.475937749, 0, 0,
        0.261799388, 0.261799388, -0.0872664626, -0.523598776, 0, 0.785398163, 0, 0.261799388, -0.261799388, 0.0872664626,
        -0.523598776, 0, -0.785398163, 0 ]
      ikLinks:
        -
          name: WAIST
          index: 0
          isBaseLink: true
          translation: [ 8.81044445, -0.900128457, 0.7 ]
          rotation: [
            1, 2.62396885e-16, -1.24075308e-16,
            -2.62396885e-16, 1, 3.89328453e-16,
            1.24075308e-16, -3.89328453e-16, 1 ]
        -
          name: R_ANKLE_P
          index: 28
          translation: [ 8.95347188, -1.10156712, 0.13878442 ]
          rotation: [
            0.999774765, 0.00636961852, -0.0202446652,
            -0.000580759753, 0.961752981, 0.273917627,
            0.0212151179, -0.273844174, 0.96154006 ]
  -
    time: 2.266
    maxTransitionTime: 0.033
    refer:
      type: Pose
      name: ""
      joints: [
        6, 7, 8, 9, 10, 11, 12, 13, 14, 15,
        16, 17, 18, 19, 20, 21, 22, 24, 25, 26,
        27, 28, 29, 30 ]
      q: [
        0, 0, -0.0375610444, -0.289526043, -0.993875108, 1.2855709, -0.101955863, -0.317006373, 0, 0,
        0.261799388, 0.261799388, -0.0872664626, -0.523598776, 0, 0.785398163, 0, 0.261799388, -0.261799388, 0.0872664626,
        -0.523598776, 0, -0.785398163, 0 ]
      ikLinks:
        -
          name: WAIST
          index: 0
          isBaseLink: true
          translation: [ 8.86768209, -0.900128457, 0.7 ]
          rotation: [
            1, 2.62396885e-16, -1.24075308e-16,
            -2.62396885e-16, 1, 3.89328453e-16,
            1.24075308e-16, -3.89328453e-16, 1 ]
        -
          name: R_ANKLE_P
          index: 28
          translation: [ 9.05994542, -1.14196072, 0.126369871 ]
          rotation: [
            0.99990594, 0.00550855578, -0.0125605673,
            -0.000359717674, 0.926018406, 0.377478189,
            0.0137106762, -0.377438165, 0.925933285 ]
  -
    time: 2.3
    maxTransitionTime: 0.14021282
    refer:
      type: Pose
      name: ""
      joints: [
        6, 7, 8, 9, 10, 11, 12, 13, 14, 15,
        16, 17, 18, 19, 20, 21, 22, 24, 25, 26,
        27, 28, 29, 30 ]
      q: [
        0, 0, -0.0225464529, -0.302922837, -0.818946106, 0.928196307, -0.148188825, -0.126270341, 0, 0,
        0.261799388, 0.261799388, -0.0872664626, -0.523598776, 0, 0.785398163, 0, 0.261799388, -0.261799388, 0.0872664626,
        -0.523598776, 0, -0.785398163, 0 ]
      ikLinks:
        -
          name: WAIST
          index: 0
          isBaseLink: true
          translation: [ 8.9, -0.900128457, 0.7 ]
          rotation: [
            1, 2.62396885e-16, -1.24075308e-16,
            -2.62396885e-16, 1, 3.89328453e-16,
            1.24075308e-16, -3.89328453e-16, 1 ]
        -
          name: R_ANKLE_P
          index: 28
          translation: [ 9.11958452, -1.16522556, 0.119219667 ]
          rotation: [
            0.999955923, 0.00420086461, -0.00839675196,
            -0.000128479072, 0.90035973, 0.435146344,
            0.0093880882, -0.435126085, 0.900320584 ]
  -
    time: 2.4
    maxTransitionTime: 0.1
    refer:
      type: Pose
      name: ""
      joints: [
        0, 1, 2, 3, 4, 5, 6, 7, 8, 9,
        10, 11, 12, 13, 14, 15, 16, 17, 18, 19,
        20, 21, 22, 24, 25, 26, 27, 28, 29, 30 ]
      q: [
        0.297183296, 0.265904638, -0.45432536, 1.08812019, 0.423704437, -0.759915378, 0, 0, -0.0562971488, -0.150727978,
        -0.748962549, 0.859101742, -0.44580034, -0.130954426, 0, 0, 0.261799388, 0.261799388, -0.0872664626, -0.523598776,
        0, 0.785398163, 0, 0.261799388, -0.261799388, 0.0872664626, -0.523598776, 0, -0.785398163, 0 ]
      ikLinks:
        -
          name: WAIST
          index: 0
          isBaseLink: true
          translation: [ 9.05, -0.999999602, 0.7 ]
          rotation: [
            1, 2.62396885e-16, -1.24075308e-16,
            -2.62396885e-16, 1, 3.89328453e-16,
            1.24075308e-16, -3.89328453e-16, 1 ]
        -
          name: R_ANKLE_P
          index: 28
          translation: [ 9.24997002, -1.18473763, 0.0805652156 ]
          rotation: [
            0.999999721, -0.000747197534, -1.28378001e-07,
            0.000619527603, 0.82903866, 0.559190948,
            -0.000417719667, -0.559190792, 0.829038891 ]
        -
          name: L_ANKLE_P
          index: 34
          translation: [ 8.95, -0.781999597, 0.103000002 ]
          rotation: [
            0.999999721, 0.00074729038, -3.97346506e-11,
            -0.000619531825, 0.829037341, -0.559192903,
            -0.000417879444, 0.559192747, 0.829037573 ]
  -
    time: 2.5
    maxTransitionTime: 0.1
    refer:
      type: Pose
      name: ""
      joints: [
        0, 1, 2, 3, 4, 5, 6, 7, 8, 9,
        10, 11, 12, 13, 14, 15, 16, 17, 18, 19,
        20, 21, 22, 24, 25, 26, 27, 28, 29, 30 ]
      q: [
        -0.0388902319, 0.0343500186, -0.651793862, 1.49617075, -0.0517738642, -0.843819149, 0, 0, -0.113803125, -0.11976398,
        -0.702906461, 0.907718802, -0.485372005, -0.245538293, 0, 0, 0.261799388, 0.261799388, -0.0872664626, -0.523598776,
        0, 0.785398163, 0, 0.261799388, -0.261799388, 0.0872664626, -0.523598776, 0, -0.785398163, 0 ]
      ikLinks:
        -
          name: WAIST
          index: 0
          isBaseLink: true
          translation: [ 9.2, -1.1, 0.7 ]
          rotation: [
            1, 2.62396885e-16, -1.24075308e-16,
            -2.62396885e-16, 1, 3.89328453e-16,
            1.24075308e-16, -3.89328453e-16, 1 ]
        -
          name: R_ANKLE_P
          index: 28
          translation: [ 9.34995904, -1.27255751, 0.0723486519 ]
          rotation: [
            0.999999721, -0.000747293358, -3.92057102e-11,
            0.000619534294, 0.829037341, 0.559192903,
            -0.00041788111, -0.559192747, 0.829037573 ]
          isTouching: true
          partingDirection: [ -4.04315584e-06, -0.00540933648, 0.999985369 ]
        -
          name: L_ANKLE_P
          index: 34
          translation: [ 9.15, -1, 0.17 ]
          rotation: [
            0.999999976, 0.000193929283, -0.000105936746,
            -0.000193923437, 0.99999998, 5.51946044e-05,
            0.000105947448, -5.51740594e-05, 0.999999993 ]
  -
    time: 2.55
    maxTransitionTime: 0.05
    refer:
      type: Pose
      name: ""
      joints: [
        0, 1, 2, 3, 4, 5, 6, 7, 14, 15,
        16, 17, 18, 19, 20, 21, 22, 24, 25, 26,
        27, 28, 29, 30 ]
      q: [
        -0.0223264889, 0.0681738236, -0.743428892, 1.48205423, -0.0328022634, -0.737454356, 0, 0, 0, 0,
        0.261799388, 0.261799388, -0.0872664626, -0.523598776, 0, 0.785398163, 0, 0.261799388, -0.261799388, 0.0872664626,
        -0.523598776, 0, -0.785398163, 0 ]
      ikLinks:
        -
          name: WAIST
          index: 0
          isBaseLink: true
          translation: [ 9.275, -1.1, 0.7 ]
          rotation: [
            1, 2.62396885e-16, -1.24075308e-16,
            -2.62396885e-16, 1, 3.89328453e-16,
            1.24075308e-16, -3.89328453e-16, 1 ]
        -
          name: L_ANKLE_P
          index: 34
          translation: [ 9.27708333, -0.983851822, 0.165037037 ]
          rotation: [
            0.999999972, 0.000222285631, -7.6976026e-05,
            -0.000225449991, 0.99903629, -0.0438912229,
            6.71454552e-05, 0.0438912391, 0.999036313 ]
  -
    time: 2.6
    maxTransitionTime: 0.1
    refer:
      type: Pose
      name: ""
      joints: [
        0, 1, 2, 3, 4, 5, 6, 7, 14, 15,
        16, 17, 18, 19, 20, 21, 22, 24, 25, 26,
        27, 28, 29, 30 ]
      q: [
        0.00863985527, 0.136914211, -0.817160703, 1.39908117, 0.0160174404, -0.583211605, 0, 0, 0, 0,
        0.261799388, 0.261799388, -0.0872664626, -0.523598776, 0, 0.785398163, 0, 0.261799388, -0.261799388, 0.0872664626,
        -0.523598776, 0, -0.785398163, 0 ]
      ikLinks:
        -
          name: WAIST
          index: 0
          isBaseLink: true
          translation: [ 9.35, -1.1, 0.7 ]
          rotation: [
            1, 2.62396885e-16, -1.24075308e-16,
            -2.62396885e-16, 1, 3.89328453e-16,
            1.24075308e-16, -3.89328453e-16, 1 ]
        -
          name: L_ANKLE_P
          index: 34
          translation: [ 9.414, -0.944773231, 0.153026667 ]
          rotation: [
            0.999999964, 0.000260930358, -5.64064035e-05,
            -0.00026643451, 0.988727695, -0.149724659,
            1.67028645e-05, 0.149724669, 0.98872773 ]
  -
    time: 2.65
    maxTransitionTime: 0.05
    refer:
      type: Pose
      name: ""
      joints: [
        0, 1, 2, 3, 4, 5, 6, 7, 14, 15,
        16, 17, 18, 19, 20, 21, 22, 24, 25, 26,
        27, 28, 29, 30 ]
      q: [
        0.0269747055, 0.210835007, -0.86932779, 1.22896337, 0.0746277715, -0.366230284, 0, 0, 0, 0,
        0.261799388, 0.261799388, -0.0872664626, -0.523598776, 0, 0.785398163, 0, 0.261799388, -0.261799388, 0.0872664626,
        -0.523598776, 0, -0.785398163, 0 ]
      ikLinks:
        -
          name: WAIST
          index: 0
          isBaseLink: true
          translation: [ 9.40625, -1.1, 0.7 ]
          rotation: [
            1, 2.62396885e-16, -1.24075308e-16,
            -2.62396885e-16, 1, 3.89328453e-16,
            1.24075308e-16, -3.89328453e-16, 1 ]
        -
          name: L_ANKLE_P
          index: 34
          translation: [ 9.55128906, -0.896903976, 0.138314584 ]
          rotation: [
            0.999999947, 0.000323206684, -3.9866624e-05,
            -0.000321605977, 0.960887942, -0.276937284,
            -5.12006231e-05, 0.276937283, 0.960887995 ]
  -
    time: 2.7
    maxTransitionTime: 0.1
    refer:
      type: Pose
      name: ""
      joints: [
        0, 1, 2, 3, 4, 5, 6, 7, 14, 15,
        16, 17, 18, 19, 20, 21, 22, 24, 25, 26,
        27, 28, 29, 30 ]
      q: [
        0.0312115658, 0.28304913, -0.826119284, 1.04469477, 0.134123066, -0.229254472, 0, 0, 0, 0,
        0.261799388, 0.261799388, -0.0872664626, -0.523598776, 0, 0.785398163, 0, 0.261799388, -0.261799388, 0.0872664626,
        -0.523598776, 0, -0.785398163, 0 ]
      ikLinks:
        -
          name: WAIST
          index: 0
          isBaseLink: true
          translation: [ 9.5, -1.1, 0.7 ]
          rotation: [
            1, 2.62396885e-16, -1.24075308e-16,
            -2.62396885e-16, 1, 3.89328453e-16,
            1.24075308e-16, -3.89328453e-16, 1 ]
        -
          name: L_ANKLE_P
          index: 34
          translation: [ 9.68136806, -0.847964904, 0.123273705 ]
          rotation: [
            0.99999991, 0.000423994457, -2.6466022e-05,
            -0.000398846026, 0.915586083, -0.402121829,
            -0.000146265505, 0.402121803, 0.91558617 ]
  -
    time: 2.8
    maxTransitionTime: 0.1
    refer:
      type: Pose
      name: ""
      joints: [
        0, 1, 2, 3, 4, 5, 6, 7, 8, 9,
        10, 11, 12, 13, 14, 15, 16, 17, 18, 19,
        20, 21, 22, 24, 25, 26, 27, 28, 29, 30 ]
      q: [
        0.0521505015, 0.136864513, -0.73123032, 0.830585366, 0.459161317, -0.118303138, 0, 0, -0.297182347, -0.265903952,
        -0.4543258, 1.08812213, -0.423702674, -0.759916177, 0, 0, 0.261799388, 0.261799388, -0.0872664626, -0.523598776,
        0, 0.785398163, 0, 0.261799388, -0.261799388, 0.0872664626, -0.523598776, 0, -0.785398163, 0 ]
      ikLinks:
        -
          name: WAIST
          index: 0
          isBaseLink: true
          translation: [ 9.65, -0.999999602, 0.7 ]
          rotation: [
            1, 2.62396885e-16, -1.24075308e-16,
            -2.62396885e-16, 1, 3.89328453e-16,
            1.24075308e-16, -3.89328453e-16, 1 ]
        -
          name: R_ANKLE_P
          index: 28
          translation: [ 9.55, -1.21799913, 0.103000267 ]
          rotation: [
            0.999999721, -0.000747197534, -1.28378001e-07,
            0.000619527603, 0.82903866, 0.559190948,
            -0.000417719667, -0.559190792, 0.829038891 ]
        -
          name: L_ANKLE_P
          index: 34
          translation: [ 9.84996213, -0.824009577, 0.0746639126 ]
          rotation: [
            0.999999721, 0.00074729038, -3.97348877e-11,
            -0.000619531825, 0.829037341, -0.559192903,
            -0.000417879444, 0.559192747, 0.829037573 ]
  -
    time: 2.9
    maxTransitionTime: 0.1
    refer:
      type: Pose
      name: ""
      joints: [
        0, 1, 2, 3, 4, 5, 6, 7, 8, 9,
        10, 11, 12, 13, 14, 15, 16, 17, 18, 19,
        20, 21, 22, 24, 25, 26, 27, 28, 29, 30 ]
      q: [
        0.114659619, 0.122503422, -0.705295936, 0.911092868, 0.482681189, -0.247148612, 0, 0, 0.0355252711, -0.0344304168,
        -0.651927678, 1.49619057, 0.0490506154, -0.883687261, 0, 0, 0.261799388, 0.261799388, -0.0872664626, -0.523598776,
        0, 0.785398163, 0, 0.261799388, -0.261799388, 0.0872664626, -0.523598776, 0, -0.785398163, 0 ]
      ikLinks:
        -
          name: WAIST
          index: 0
          isBaseLink: true
          translation: [ 9.8, -0.900128457, 0.7 ]
          rotation: [
            1, 2.62396885e-16, -1.24075308e-16,
            -2.62396885e-16, 1, 3.89328453e-16,
            1.24075308e-16, -3.89328453e-16, 1 ]
        -
